%       x_1              x_2            Y = ln T
      0.100            3.700       -1.449000e-01
      0.100            5.100       +7.350000e-02
      0.100            5.900       +6.692000e-01
      0.100            6.500       -1.474000e-01
      0.100            7.300       +1.351000e-01
      0.100            7.700       +2.149000e-01
      0.100            7.900       +1.817000e-01
      0.100            8.100       +1.451000e-01
      0.100            8.500       -1.880000e-02
      0.100           10.700       +7.643800e+00
      0.300            0.900       -1.595900e+00
      0.300            1.300       -1.018000e+00
      0.300            1.900       +5.034000e-01
      0.300            2.900       +8.394000e-01
      0.300            5.100       -1.346000e-01
      0.300            7.300       -2.913000e-01
      0.300            7.500       -2.080000e-01
      0.300            8.700       -2.319000e-01
      0.300           10.900       +7.315200e+00
      0.300           11.300       +6.610200e+00
      0.300           11.700       +6.642200e+00
      0.500            0.700       -1.665300e+00
      0.500            1.300       -1.185500e+00
      0.500            3.700       +7.299997e-03
      0.500            6.900       -1.050800e+00
      0.500            7.100       -9.620000e-01
      0.500            7.300       -8.053000e-01
      0.500            7.500       +6.434600e+00
      0.500            9.900       +7.988300e+00
      0.500           10.300       +8.382000e+00
      0.500           11.900       +6.794300e+00
      0.700            1.500       -9.382000e-01
      0.700            4.900       -9.178000e-01
      0.700            5.700       -1.643000e-01
      0.700            6.700       -1.466300e+00
      0.700            8.700       -4.457000e-01
      0.700           10.500       +8.423500e+00
      0.900            1.500       -9.912000e-01
      0.900            2.500       +1.437200e+00
      0.900            3.900       +1.149000e-01
      0.900            4.300       -4.295000e-01
      0.900            5.100       -1.104700e+00
      0.900            5.700       -3.916000e-01
      0.900            5.900       +6.778200e+00
      0.900            6.100       +6.542100e+00
      0.900            6.300       -1.117500e+00
      0.900            8.100       -7.205001e-01
      0.900            8.700       -4.680000e-01
      1.100            0.100       +1.511000e-01
      1.100            0.300       -2.480000e-01
      1.100            1.300       -1.272500e+00
      1.100            1.500       -9.262000e-01
      1.100            1.700       -4.826000e-01
      1.100            2.700       +1.757000e+00
      1.100            2.900       +1.816900e+00
      1.100            6.900       -1.873700e+00
      1.100            7.700       +6.362500e+00
      1.100            8.500       -3.984000e-01
      1.100            9.300       +7.025600e+00
      1.100            9.500       +7.360700e+00
      1.100            9.700       +7.693600e+00
      1.100           11.100       +7.944700e+00
      1.100           11.300       +7.565600e+00
      1.100           11.500       +7.337400e+00
      1.100           11.900       +7.091200e+00
      1.300            0.300       +1.640000e-02
      1.300            0.500       -4.595000e-01
      1.300            2.100       +6.571000e-01
      1.300            5.900       +6.576400e+00
      1.300            7.900       +6.747700e+00
      1.300            9.900       +7.994800e+00
      1.500            0.500       -2.377000e-01
      1.500            2.300       +1.129500e+00
      1.500            2.500       +1.548500e+00
      1.500            5.100       +6.636000e+00
      1.500            5.500       +6.544100e+00
      1.500            6.100       +6.334700e+00
      1.500            8.900       -8.980000e-02
      1.500            9.300       +7.035200e+00
      1.500           10.100       +8.317101e+00
      1.500           11.300       +8.238300e+00
      1.500           11.700       +7.702200e+00
      1.700            0.100       +7.131000e-01
      1.700            1.100       -8.364000e-01
      1.700            2.300       +9.549000e-01
      1.700            3.300       +1.809200e+00
      1.700            4.500       +6.806300e+00
      1.700            5.100       +6.832100e+00
      1.700            6.700       -1.076200e+00
      1.700            7.100       +6.681200e+00
      1.700            8.500       +7.092900e+00
      1.700            9.100       +7.049200e+00
      1.700           10.900       +8.894200e+00
      1.700           11.900       +7.592000e+00
      1.900            0.500       +3.570000e-01
      1.900            0.900       -1.913000e-01
      1.900            1.300       -5.487000e-01
      1.900            1.900       -8.620000e-02
      1.900            8.700       +7.004800e+00
      1.900           10.900       +8.776800e+00
      2.100            1.500       -2.727000e-01
      2.100            3.100       +1.226300e+00
      2.100            3.500       +3.399000e-01
      2.100            3.900       -7.359000e-01
      2.100            6.100       +7.034500e+00
      2.100            7.500       +7.314200e+00
      2.100            7.900       +7.248400e+00
      2.100            8.900       +6.908800e+00
      2.100            9.700       +7.484200e+00
      2.100           10.100       +7.953300e+00
      2.100           11.500       +8.016000e+00
      2.100           11.900       +7.463700e+00
      2.300            1.100       +3.518000e-01
      2.300            1.500       -1.702000e-01
      2.300            4.700       +6.503600e+00
      2.300            5.500       +7.142900e+00
      2.300            5.900       +7.322300e+00
      2.300            8.500       +6.799800e+00
      2.300            9.100       +6.965700e+00
      2.300           10.100       +7.863400e+00
      2.300           10.700       +8.509800e+00
      2.300           11.300       +8.286300e+00
      2.300           11.500       +7.975400e+00
      2.500            2.500       -1.032000e-01
      2.500            2.700       +1.020000e-01
      2.500            3.500       -8.701000e-01
      2.500            5.900       +7.395100e+00
      2.500            6.900       +1.562000e-01
      2.500            7.700       +7.069600e+00
      2.500            8.300       +6.799700e+00
      2.500            9.300       +7.082000e+00
      2.500            9.700       +7.409100e+00
      2.500           10.300       +8.167500e+00
      2.500           10.900       +8.698000e+00
      2.700            0.100       +5.729999e-02
      2.700            0.900       +7.514300e+00
      2.700            1.700       +6.155900e+00
      2.700            1.900       +6.076600e+00
      2.700            4.500       -1.374700e+00
      2.700            5.500       +6.930700e+00
      2.700            6.300       +7.652000e+00
      2.700            7.500       +7.048000e+00
      2.700            8.900       +6.828400e+00
      2.700            9.100       +6.979800e+00
      2.700           10.500       +8.711600e+00
      2.700           11.500       +7.954600e+00
      2.900            0.500       +7.235600e+00
      2.900            2.300       -1.078500e+00
      2.900            5.700       +7.054300e+00
      2.900            6.500       +7.318000e-01
      2.900            7.300       -6.390000e-02
      2.900            7.700       -3.300000e-02
      2.900            8.100       +7.010700e+00
      2.900           10.300       +8.684600e+00
      2.900           10.500       +8.951500e+00
      3.100            0.900       -1.005000e-01
      3.100            2.100       -1.398900e+00
      3.100            4.300       +5.835200e+00
      3.100            5.100       +6.075900e+00
      3.100            5.500       +6.510800e+00
      3.100            6.100       +4.802000e-01
      3.100            6.900       +3.119000e-01
      3.100            8.900       +7.224100e+00
      3.100            9.900       +8.227500e+00
      3.100           11.300       +8.333500e+00
      3.300            0.900       -1.796000e-01
      3.300            2.300       -1.228800e+00
      3.300            4.500       +5.904900e+00
      3.300            4.700       +5.891900e+00
      3.300            5.100       +5.783500e+00
      3.300            5.700       -5.301000e-01
      3.300            6.300       +7.606400e+00
      3.300            9.700       +8.015700e+00
      3.300           11.900       +6.931500e+00
      3.500            1.700       +5.574600e+00
      3.500            4.700       +5.699600e+00
      3.500            5.100       +5.466500e+00
      3.500            5.300       +5.531500e+00
      3.500            6.100       +7.074200e+00
      3.500            6.700       +1.811000e-01
      3.500            8.900       +7.599500e+00
      3.500           10.500       +8.596900e+00
      3.500           11.700       +7.204200e+00
      3.700            1.300       +6.333400e+00
      3.700            1.500       +5.898200e+00
      3.700            4.100       +5.904700e+00
      3.700            4.300       +5.801400e+00
      3.700            5.300       +5.281100e+00
      3.700            8.300       +7.609300e+00
      3.700            8.700       +7.658700e+00
      3.700           11.500       +7.439800e+00
      3.900            0.100       +1.322300e+00
      3.900            1.300       -6.804000e-01
      3.900            2.900       +7.085600e+00
      3.900            3.700       +6.182600e+00
      3.900            3.900       +6.064700e+00
      3.900            4.100       +5.923600e+00
      3.900            4.500       +5.563400e+00
      3.900            4.700       +5.390500e+00
      3.900            5.500       +5.544900e+00
      3.900            6.500       +6.976300e+00
      3.900            7.100       +7.271000e+00
      3.900           10.700       +7.652200e+00
      3.900           11.300       +7.439900e+00
      4.100            0.300       +8.518600e+00
      4.100            2.100       +6.455300e+00
      4.100            2.700       +7.189600e+00
      4.100            3.500       +6.489000e+00
      4.100            4.100       +5.912500e+00
      4.100            4.300       +5.705400e+00
      4.100            7.700       +7.559100e+00
      4.100            8.100       +7.284700e+00
      4.100            8.500       +7.184400e+00
      4.100           11.100       +7.139200e+00
      4.100           11.500       +7.195700e+00
      4.300            0.700       +8.107600e+00
      4.300            3.900       +6.140300e+00
      4.300            4.100       +5.901800e+00
      4.300            4.300       +5.636200e+00
      4.300            4.900       +5.475000e+00
      4.300            6.700       +7.302700e+00
      4.300            7.300       +7.843800e+00
      4.300            7.700       +7.557500e+00
      4.300            7.900       +7.246400e+00
      4.300            9.500       +6.706800e+00
      4.300           10.500       +6.725900e+00
      4.300           10.900       +6.669000e+00
      4.500            0.700       +8.026300e+00
      4.500            0.900       +7.602800e+00
      4.500            1.500       +6.220300e+00
      4.500            3.900       +6.149200e+00
      4.500            4.100       +5.882100e+00
      4.500            5.500       +6.071900e+00
      4.500            6.300       +6.839600e+00
      4.500            6.900       +7.786700e+00
      4.500            7.500       +7.856500e+00
      4.500            8.500       +6.479600e+00
      4.500            9.300       +5.967800e+00
      4.500           11.500       +6.670000e+00
      4.500           11.900       +6.529200e+00
      4.700            0.700       +7.833800e+00
      4.700            0.900       +7.427800e+00
      4.700            1.700       +6.071400e+00
      4.700            2.300       +6.284400e+00
      4.700            2.500       +6.322300e+00
      4.700            2.700       +6.282100e+00
      4.700            3.700       +6.263000e+00
      4.700            4.500       +5.599300e+00
      4.700            5.500       +6.405400e+00
      4.700            7.100       +8.129000e+00
      4.700            8.700       +5.990800e+00
      4.700            9.700       +5.852500e+00
      4.700           11.300       +6.267000e+00
      4.900            1.700       +5.857500e+00
      4.900            1.900       +5.889700e+00
      4.900            2.300       +5.953600e+00
      4.900            2.700       +5.874600e+00
      4.900            4.100       +6.030100e+00
      4.900            4.300       +5.911300e+00
      4.900            6.300       +7.552200e+00
      4.900            7.100       +8.273000e+00
      4.900            7.300       +8.202200e+00
      4.900            7.500       +7.922800e+00
      4.900            7.700       +7.463200e+00
      4.900            7.900       +6.967100e+00
      4.900            9.700       +5.640900e+00
      4.900           10.500       +5.359800e+00
      4.900           11.700       +5.883300e+00
      4.900           11.900       +5.957800e+00
      5.100            0.500       +7.799800e+00
      5.100            3.500       +6.208800e+00
      5.100            4.900       +6.394100e+00
      5.100            5.100       +6.628700e+00
      5.100            7.900       +7.048500e+00
      5.100           10.700       +5.316800e+00
      5.300            1.700       +5.450400e+00
      5.300            1.900       +5.450600e+00
      5.300            3.300       +5.989700e+00
      5.300            6.300       +7.724200e+00
      5.300            7.100       +8.180799e+00
      5.300            7.900       +7.399000e+00
      5.300            8.700       +6.061600e+00
      5.300            8.900       +6.021700e+00
      5.300            9.500       +6.051700e+00
      5.300           11.100       +5.259500e+00
      5.500            0.500       +4.172000e-01
      5.500            5.100       +6.937400e+00
      5.500            5.300       +7.125400e+00
      5.500            6.100       +7.474300e+00
      5.500            9.500       +6.306800e+00
      5.500           11.500       +5.305400e+00
      5.700            0.300       +7.763500e+00
      5.700            0.700       +6.795700e+00
      5.700            1.300       +5.713300e+00
      5.700            1.500       +5.606500e+00
      5.700            1.700       +5.554600e+00
      5.700            3.300       +5.941800e+00
      5.700            4.100       +6.261100e+00
      5.700            4.500       +6.301400e+00
      5.700            6.100       +7.210400e+00
      5.700            6.700       +7.176000e+00
      5.700            8.300       +6.996700e+00
      5.700            8.700       +6.573200e+00
      5.700            9.100       +6.533200e+00
      5.700           11.300       +5.279800e+00
      5.700           11.700       +5.264800e+00
      5.900            0.300       +7.533000e+00
      5.900            2.500       +5.309800e+00
      5.900            4.500       +6.389900e+00
      5.900            5.300       +7.055400e+00
      5.900            7.300       +7.578600e+00
      5.900            7.900       +7.818000e+00
      5.900            8.500       +6.881300e+00
      5.900            8.900       +6.747800e+00
      5.900            9.900       +6.512900e+00
      5.900           10.500       +6.027800e+00
      5.900           11.100       +5.365900e+00
      6.100            0.100       +7.701900e+00
      6.100            2.100       +5.719200e+00
      6.100            3.700       +6.297300e+00
      6.100            4.100       +6.452200e+00
      6.100            6.100       +6.480600e+00
      6.100            8.100       +7.375700e+00
      6.100            9.300       +6.761300e+00
      6.100            9.700       +6.727800e+00
      6.100           10.300       +6.519400e+00
      6.100           10.700       +6.113300e+00
      6.100           11.100       +5.644400e+00
      6.300            2.500       +5.420700e+00
      6.300            3.500       +6.166500e+00
      6.300            3.900       +6.509100e+00
      6.300            5.500       +6.959300e+00
      6.300            5.700       +6.712300e+00
      6.300            6.700       +6.437900e+00
      6.300            7.100       +7.128100e+00
      6.300            7.500       +7.552200e+00
      6.300            8.300       +7.007800e+00
      6.300           10.900       +6.163100e+00
      6.500            0.500       +6.357500e+00
      6.500            3.500       +6.302000e+00
      6.500            4.900       +7.112900e+00
      6.500            5.900       +6.275800e+00
      6.500            6.100       +6.084100e+00
      6.500            7.700       +7.439100e+00
      6.500            9.700       +6.798300e+00
      6.500           11.500       +5.886800e+00
      6.700            0.900       +5.937800e+00
      6.700            1.300       +6.229600e+00
      6.700            1.700       +6.465300e+00
      6.700            2.100       +6.340800e+00
      6.700            2.500       +5.901200e+00
      6.700            2.900       +5.752500e+00
      6.700            4.300       +7.076100e+00
      6.700            5.700       -4.647000e-01
      6.700            5.900       +6.289800e+00
      6.700            6.500       +6.270000e+00
      6.700            7.700       +3.093000e-01
      6.700            9.700       +6.782600e+00
      6.700            9.900       +7.037600e+00
      6.700           10.300       +7.276500e+00
      6.700           10.500       +7.258800e+00
      6.900            1.100       +6.172300e+00
      6.900            1.500       +6.545600e+00
      6.900            3.700       +6.989400e+00
      6.900            4.100       +7.184800e+00
      6.900            6.300       +6.225500e+00
      6.900            9.500       +6.467200e+00
      6.900           11.100       +6.407400e+00
      6.900           11.700       +6.091900e+00
      7.100            0.900       +6.342500e+00
      7.100            1.500       +6.795300e+00
      7.100            3.100       +6.550900e+00
      7.100            3.900       +7.195100e+00
      7.100            4.300       +7.106000e+00
      7.100            7.900       +3.747000e-01
      7.100            8.500       +6.409200e+00
      7.100            8.900       -1.258000e+00
      7.100           11.900       +6.508300e+00
      7.300            1.900       +7.304500e+00
      7.300            4.100       +6.921300e+00
      7.300            4.700       +6.672100e+00
      7.300            8.500       -5.853000e-01
      7.300            9.300       +6.543300e+00
      7.300           10.100       +7.231000e+00
      7.300           10.500       +7.174900e+00
      7.300           10.700       +7.031300e+00
      7.300           11.700       +6.550200e+00
      7.500            1.100       +7.132600e+00
      7.500            3.500       +7.241300e+00
      7.500            4.500       -7.390000e-01
      7.500            5.500       +7.247400e+00
      7.500            5.700       +7.311700e+00
      7.500            6.700       +9.249999e-02
      7.500            7.300       +3.749000e-01
      7.500            7.900       +4.930000e-01
      7.500            9.700       +7.322400e+00
      7.500           10.100       +7.318700e+00
      7.500           10.300       +7.288400e+00
      7.500           10.900       +7.017000e+00
      7.500           11.300       +6.866300e+00
      7.700            0.300       +7.003500e+00
      7.700            1.500       +7.695800e+00
      7.700            2.100       +7.802600e+00
      7.700            2.500       +7.489400e+00
      7.700            3.900       +6.902000e+00
      7.700            6.700       +4.121000e-01
      7.700            7.100       +4.128000e-01
      7.700            7.700       +4.470000e-01
      7.700            7.900       +3.809000e-01
      7.700            9.300       +7.317200e+00
      7.700           10.300       +7.345600e+00
      7.700           10.900       +7.220500e+00
      7.700           11.100       +7.192100e+00
      7.700           11.300       +7.218100e+00
      7.900            0.300       +7.070500e+00
      7.900            1.100       +7.361100e+00
      7.900            1.700       +8.126000e+00
      7.900            4.700       -1.187900e+00
      7.900            4.900       +6.009300e+00
      7.900            6.900       +7.732200e+00
      7.900            7.300       +4.629000e-01
      7.900            8.300       +7.112900e+00
      7.900            9.300       +7.522800e+00
      7.900            9.900       +7.595400e+00
      7.900           11.100       +7.502100e+00
      7.900           11.300       +7.563900e+00
      8.100            0.700       +7.184700e+00
      8.100            1.300       +7.884900e+00
      8.100            1.700       +8.346900e+00
      8.100            5.100       +6.261400e+00
      8.100            5.500       +7.078100e+00
      8.100            5.700       +7.500000e+00
      8.100            6.500       +9.427000e-01
      8.100            7.100       +5.528000e-01
      8.100            9.300       +7.548300e+00
      8.100            9.700       +7.674300e+00
      8.100           10.100       +7.468000e+00
      8.100           10.900       +7.660900e+00
      8.100           11.700       +7.975500e+00
      8.300            0.700       +7.353900e+00
      8.300            1.300       +8.045200e+00
      8.300            1.700       +8.471500e+00
      8.300            2.700       +7.706100e+00
      8.300            3.700       +7.111600e+00
      8.300            4.100       -4.282000e-01
      8.300            5.900       +7.835300e+00
      8.300            7.300       +2.546000e-01
      8.300            8.500       +6.633800e+00
      8.300            9.700       +7.599300e+00
      8.300            9.900       +7.500600e+00
      8.300           11.900       +8.127900e+00
      8.500            0.100       +7.780900e+00
      8.500            2.300       +7.985300e+00
      8.500            2.700       +7.577800e+00
      8.500            2.900       +7.414900e+00
      8.500            4.100       -3.145000e-01
      8.500            4.900       -6.902000e-01
      8.500            5.500       +7.282700e+00
      8.500            5.900       +7.756100e+00
      8.500            7.100       +3.667000e-01
      8.500            7.300       +9.599999e-02
      8.500            8.900       +6.762100e+00
      8.500            9.700       +7.535200e+00
      8.500           10.100       +7.298400e+00
      8.500           10.700       +7.697200e+00
      8.500           11.700       +8.307800e+00
      8.700            0.900       +7.666700e+00
      8.700            2.300       +8.016700e+00
      8.700            5.100       -9.190000e-02
      8.700            5.300       +7.259700e+00
      8.700            6.500       +3.389000e-01
      8.700            7.900       -9.954000e-01
      8.700           11.300       +8.218600e+00
      8.700           11.900       +8.254100e+00
      8.900            0.500       +7.648200e+00
      8.900            2.100       +8.342400e+00
      8.900            2.700       +7.538200e+00
      8.900            3.100       +6.791000e+00
      8.900            3.500       +6.506500e+00
      8.900            4.300       -1.418000e-01
      8.900            4.500       -5.760000e-02
      8.900            4.900       +1.548000e-01
      8.900            6.500       -2.690000e-01
      8.900           11.100       +7.859900e+00
      9.100            1.500       +8.619500e+00
      9.100            1.700       +8.633801e+00
      9.100            3.100       +6.596700e+00
      9.100            3.300       -8.421000e-01
      9.100            4.100       +6.750100e+00
      9.100            4.300       +6.982300e+00
      9.100            6.100       -1.867000e-01
      9.100            6.500       -8.536000e-01
      9.100            7.100       -9.673000e-01
      9.100            7.900       -1.382100e+00
      9.100            8.100       -1.159600e+00
      9.100            9.100       +7.401100e+00
      9.100           10.100       +7.347200e+00
      9.300            1.300       +8.303100e+00
      9.300            2.700       +7.704500e+00
      9.300            3.700       -1.079800e+00
      9.300            4.300       +6.873000e+00
      9.300            4.900       +5.296000e-01
      9.300            7.500       -1.440200e+00
      9.300            8.100       +6.152500e+00
      9.300            8.700       +7.304700e+00
      9.300            8.900       +7.515900e+00
      9.300           10.300       +7.498500e+00
      9.300           11.700       +7.414100e+00
      9.500            0.100       +7.573700e+00
      9.500            0.500       +7.309000e+00
      9.500            1.700       +8.489400e+00
      9.500            1.900       +8.538800e+00
      9.500            4.500       -1.434000e-01
      9.500            8.300       +6.923500e+00
      9.500           10.300       +7.622700e+00
      9.500           11.100       +7.096600e+00
      9.700            0.100       +7.341000e+00
      9.700            0.700       +7.224500e+00
      9.700            2.100       +8.285700e+00
      9.700            2.500       +7.976000e+00
      9.700            7.100       -1.564300e+00
      9.700            7.300       -1.413900e+00
      9.700           10.300       +7.544500e+00
      9.700           10.700       +7.127800e+00
      9.700           11.100       +6.986000e+00
      9.700           11.900       +7.054200e+00
      9.900            0.700       +7.062200e+00
      9.900            1.300       +7.415200e+00
      9.900            1.900       +7.849100e+00
      9.900            2.300       +7.934000e+00
      9.900            2.900       +6.825800e+00
      9.900            3.900       +5.785500e+00
      9.900            5.300       +2.758000e-01
      9.900            6.100       -1.090900e+00
      9.900            6.500       -1.787100e+00
      9.900            7.100       -1.498200e+00
      9.900            7.700       -9.071000e-01
      9.900            8.100       +6.889800e+00
      9.900            8.900       +7.872300e+00
      9.900           11.300       +6.792100e+00
      9.900           11.900       +6.881100e+00
     10.100            0.500       +7.015500e+00
     10.100            1.700       +7.048600e+00
     10.100            1.900       +7.250700e+00
     10.100            2.700       +7.193700e+00
     10.100            6.900       -1.377300e+00
     10.100            7.100       -1.336400e+00
     10.100           11.300       +6.755300e+00
     10.100           11.900       +6.828400e+00
     10.300            0.700       +7.078900e+00
     10.300            1.900       +6.666600e+00
     10.300            2.100       +6.986400e+00
     10.300            2.500       +7.293300e+00
     10.300            2.700       +6.980200e+00
     10.300            3.100       +6.168500e+00
     10.300            3.900       +6.231900e+00
     10.300            4.300       +6.665500e+00
     10.300            6.700       -1.252800e+00
     10.300            7.700       -7.276000e-01
     10.300            9.500       +7.320900e+00
     10.300            9.700       +7.201400e+00
     10.300           11.700       +6.774900e+00
     10.500            0.100       +6.585700e+00
     10.500            1.300       +6.441600e+00
     10.500            2.700       +6.825400e+00
     10.500            3.300       +6.100100e+00
     10.500            6.500       -1.043000e+00
     10.500            8.500       +1.266000e-01
     10.500            9.100       +5.490000e-02
     10.500            9.900       +6.701200e+00
     10.500           10.700       +6.591900e+00
     10.500           11.300       +6.835100e+00
     10.500           11.500       +6.801300e+00
     10.700            1.300       +6.340100e+00
     10.700            2.300       +6.569400e+00
     10.700            3.900       +6.678400e+00
     10.700            4.500       -1.198000e-01
     10.700            5.500       +1.727000e-01
     10.700            6.100       -4.840000e-01
     10.700            8.100       -4.393000e-01
     10.700            8.300       -2.296000e-01
     10.700            9.700       +6.381900e+00
     10.700            9.900       +6.341400e+00
     10.700           11.300       +6.858800e+00
     10.700           11.900       +6.726900e+00
     10.900            2.500       +6.712500e+00
     10.900            2.700       +6.799800e+00
     10.900            4.900       +2.460000e-02
     10.900            8.900       -4.880000e-01
     10.900           10.700       -6.693000e-01
     10.900           11.500       +6.774200e+00
     10.900           11.900       +6.450400e+00
     11.100            0.500       +8.198600e+00
     11.100            3.100       -3.801000e-01
     11.100            3.500       +6.810900e+00
     11.100            4.900       +1.236000e-01
     11.100            6.900       -1.019100e+00
     11.100            8.100       -1.219200e+00
     11.100            8.900       -4.971000e-01
     11.100           10.300       -7.479000e-01
     11.100           10.500       -6.159000e-01
     11.100           11.500       -3.861000e-01
     11.100           11.900       +6.217100e+00
     11.300            0.300       +8.868000e+00
     11.300            0.500       +8.788700e+00
     11.300            3.900       -1.001000e-01
     11.300            4.100       -1.096000e-01
     11.300            5.300       +5.892000e-01
     11.300            5.700       +5.633000e-01
     11.300            6.300       +6.779999e-02
     11.300            6.900       -9.827000e-01
     11.300            7.300       -1.664100e+00
     11.300            7.500       -1.835300e+00
     11.300            8.300       -9.509000e-01
     11.300            8.700       -4.073000e-01
     11.300            9.100       -4.589000e-01
     11.300            9.900       -8.253000e-01
     11.300           10.300       -4.837000e-01
     11.300           11.500       +6.692000e+00
     11.300           11.700       +6.490900e+00
     11.300           11.900       +6.158300e+00
     11.500            0.100       +9.528600e+00
     11.500            1.300       +7.287400e+00
     11.500            2.500       +7.427800e+00
     11.500            3.300       +3.042000e-01
     11.500            3.700       -4.530000e-02
     11.500            4.700       +2.590000e-01
     11.500            5.900       +6.591000e-01
     11.500           11.100       -1.440000e-01
     11.700            0.100       +9.890900e+00
     11.700            1.100       +8.071400e+00
     11.700            3.100       +8.130100e+00
     11.700            3.900       -9.190000e-02
     11.700            4.100       -9.930000e-02
     11.700            7.100       -1.188500e+00
     11.700            8.100       -1.481800e+00
     11.700            8.700       -4.867000e-01
     11.700            8.900       -3.827000e-01
     11.900            3.300       +8.133500e+00
     11.900            3.500       +5.130000e-01
     11.900            4.300       +7.500000e-03
     11.900            4.900       +3.622000e-01
     11.900            5.300       +3.343000e-01
     11.900            9.500       -5.599000e-01
     11.900            9.900       -3.097000e-01
     11.900           10.300       +2.562000e-01
     11.900           10.700       +3.447000e-01
     11.900           10.900       +3.100000e-01
     11.900           11.100       +2.047000e-01
