%       x_1              x_2            Y = ln T
      0.100            0.500       -1.822600e+00
      0.100            2.700       +9.196000e-01
      0.100            3.300       +1.284000e-01
      0.100            6.300       +1.164000e-01
      0.100            7.100       -3.640000e-02
      0.300            0.500       -1.772600e+00
      0.300            0.900       -1.595900e+00
      0.300            1.300       -1.018000e+00
      0.300            7.900       +6.895300e+00
      0.500            3.500       +2.262000e-01
      0.500           10.300       +8.382000e+00
      0.700            1.500       -9.382000e-01
      0.700            3.500       +4.516000e-01
      0.700            6.300       -7.719000e-01
      0.700            8.700       -4.457000e-01
      0.700            8.900       -4.106000e-01
      0.700           11.700       +6.651600e+00
      0.900            4.100       -1.636000e-01
      0.900            5.500       -6.680000e-01
      0.900            7.100       -1.685400e+00
      0.900            7.500       -1.155400e+00
      1.100            2.900       +1.816900e+00
      1.100            3.500       +1.092700e+00
      1.100            5.100       +6.052200e+00
      1.100            6.300       -1.294300e+00
      1.100            6.900       -1.873700e+00
      1.100            7.900       -6.687000e-01
      1.100            9.300       +7.025600e+00
      1.100            9.900       +8.060300e+00
      1.300            0.500       -4.595000e-01
      1.300            3.500       +1.353800e+00
      1.300           10.700       +8.898100e+00
      1.500            0.100       +6.095999e-01
      1.500            0.500       -2.377000e-01
      1.500           11.300       +8.238300e+00
      1.700            0.500       +3.830000e-02
      1.700            2.100       +4.964000e-01
      1.700            4.300       -2.404000e-01
      1.900            3.300       +1.450000e+00
      1.900            7.100       -1.422000e-01
      1.900            9.300       +7.118000e+00
      1.900           11.300       +8.379200e+00
      2.100            0.300       +7.580000e-01
      2.100            5.700       +7.162500e+00
      2.100            8.700       +6.862100e+00
      2.100            9.300       +7.138100e+00
      2.100           11.900       +7.463700e+00
      2.300            4.700       +6.503600e+00
      2.300           10.300       +8.077600e+00
      2.300           10.700       +8.509800e+00
      2.300           11.700       +7.645400e+00
      2.500            4.900       +6.584400e+00
      2.700            0.100       +5.729999e-02
      2.700            0.700       +7.552900e+00
      2.700            6.100       +4.734000e-01
      2.900            2.700       -9.953000e-01
      2.900            7.700       -3.300000e-02
      2.900            8.700       +6.946900e+00
      2.900           11.100       +8.761200e+00
      3.100            2.300       -1.265500e+00
      3.100            3.700       +5.740500e+00
      3.100            6.300       +7.038000e-01
      3.100            7.300       -1.092000e-01
      3.100            8.900       +7.224100e+00
      3.100           10.300       +8.856200e+00
      3.100           10.500       +9.044000e+00
      3.300            0.300       +7.475000e+00
      3.300            7.900       +7.282700e+00
      3.300            9.700       +8.015700e+00
      3.300            9.900       +8.349000e+00
      3.300           10.700       +8.878400e+00
      3.300           11.700       +7.307800e+00
      3.500           11.900       +6.820400e+00
      3.700            4.900       +5.311400e+00
      3.700            5.300       +5.281100e+00
      3.700            6.300       +7.024800e+00
      3.700            9.500       +7.858300e+00
      3.700           11.300       +7.700600e+00
      3.900            2.500       +7.120100e+00
      3.900            4.300       +5.757300e+00
      3.900            6.100       +6.678300e+00
      4.100            4.700       +5.396900e+00
      4.100            6.100       +6.613700e+00
      4.100            8.500       +7.184400e+00
      4.100            9.300       +7.221900e+00
      4.300            3.500       +6.623600e+00
      4.300            9.100       +6.547300e+00
      4.300           11.100       +6.837400e+00
      4.500            2.700       +6.676200e+00
      4.500            3.500       +6.498100e+00
      4.500            8.700       +6.271700e+00
      4.500           11.900       +6.529200e+00
      4.700            0.100       +8.212300e+00
      4.700            4.500       +5.599300e+00
      4.700           10.900       +5.921800e+00
      4.900            0.300       +1.046200e+00
      4.900            2.500       +5.935300e+00
      4.900            6.100       +7.269700e+00
      4.900            9.500       +5.709700e+00
      4.900           11.700       +5.883300e+00
      5.100            1.700       +5.595400e+00
      5.100            2.500       +5.591600e+00
      5.100            2.900       +5.578300e+00
      5.100            4.100       +6.166800e+00
      5.100            7.700       +7.564700e+00
      5.300            2.100       +5.450000e+00
      5.300            2.900       +5.464400e+00
      5.300            4.700       +6.360400e+00
      5.300           10.900       +5.231900e+00
      5.500            1.700       +5.439400e+00
      5.500            2.500       +5.319400e+00
      5.500            4.500       +6.273300e+00
      5.500            6.500       +7.561200e+00
      5.500            9.500       +6.306800e+00
      5.900            2.900       +5.433300e+00
      5.900            3.900       +6.346800e+00
      5.900            4.300       +6.313600e+00
      5.900           10.500       +6.027800e+00
      6.100            0.900       +6.079900e+00
      6.100            3.100       +5.550800e+00
      6.100            7.500       +7.688100e+00
      6.100            8.500       +6.920200e+00
      6.100            9.700       +6.727800e+00
      6.300            0.300       +7.040100e+00
      6.300            0.900       +6.008800e+00
      6.300            1.100       +5.975600e+00
      6.300            2.900       +5.357800e+00
      6.300            4.500       +6.766100e+00
      6.300            5.100       +7.147100e+00
      6.300            7.900       +3.626000e-01
      6.300            8.500       +6.845100e+00
      6.300            9.300       +6.681400e+00
      6.300           11.300       +5.751500e+00
      6.500            2.900       +5.488100e+00
      6.500            3.100       +5.704600e+00
      6.500            4.300       +6.866100e+00
      6.500            4.700       +7.029400e+00
      6.500            5.100       +7.174900e+00
      6.500            8.900       +6.458700e+00
      6.500           10.500       +7.058100e+00
      6.700            2.500       +5.901200e+00
      6.700            6.900       -1.850000e-01
      6.700            7.300       +7.287500e+00
      6.700            7.900       +2.104000e-01
      6.700            8.700       +6.289900e+00
      6.900            7.900       +2.455000e-01
      7.100            8.100       +1.263000e-01
      7.300            4.900       +6.871200e+00
      7.300            5.300       +7.300200e+00
      7.300            5.500       +7.359200e+00
      7.300            8.300       -1.403000e-01
      7.300            9.100       +6.219100e+00
      7.300            9.500       +6.822400e+00
      7.500           10.700       +7.133300e+00
      7.700            9.500       +7.481700e+00
      7.900            0.900       +7.127700e+00
      7.900            1.700       +8.126000e+00
      7.900            5.500       +7.069100e+00
      7.900            9.300       +7.522800e+00
      8.100            0.500       +7.171200e+00
      8.100            4.500       -1.095900e+00
      8.100            5.100       +6.261400e+00
      8.100            5.700       +7.500000e+00
      8.100            7.700       +7.224800e+00
      8.100            9.900       +7.586900e+00
      8.100           10.300       +7.400100e+00
      8.100           11.500       +7.955300e+00
      8.300            1.900       +8.428500e+00
      8.300            2.700       +7.706100e+00
      8.300            3.700       +7.111600e+00
      8.300            5.700       +7.541900e+00
      8.500            1.900       +8.425400e+00
      8.500            3.100       +7.266700e+00
      8.500            3.500       +7.111500e+00
      8.500            7.500       -1.920000e-01
      8.500           10.500       +7.448900e+00
      8.500           11.700       +8.307800e+00
      8.700            2.100       +8.259400e+00
      8.700            3.900       -1.921000e-01
      8.700            4.700       -3.658000e-01
      8.700            9.300       +7.296900e+00
      8.700            9.900       +7.276500e+00
      8.900            8.500       +6.363400e+00
      8.900            9.100       +7.142900e+00
      8.900           10.900       +7.656200e+00
      9.100            0.500       +7.531000e+00
      9.100            1.100       +8.043600e+00
      9.100            3.100       +6.596700e+00
      9.100            3.300       -8.421000e-01
      9.100            4.100       +6.750100e+00
      9.100            5.900       +7.357900e+00
      9.100            6.100       -1.867000e-01
      9.100            7.300       -1.115000e+00
      9.100            8.500       +6.633700e+00
      9.300            5.500       +7.871900e+00
      9.300            8.300       +6.597500e+00
      9.300           10.500       +7.234000e+00
      9.500           11.900       +7.274400e+00
      9.700            2.900       +6.975100e+00
      9.700           11.900       +7.054200e+00
      9.900            4.700       +6.733400e+00
      9.900           11.500       +6.745700e+00
      9.900           11.700       +6.748100e+00
     10.100            1.700       +7.048600e+00
     10.100            4.700       +6.792900e+00
     10.100            6.700       -1.528500e+00
     10.100            9.900       +7.475700e+00
     10.300            2.900       +6.569400e+00
     10.300           11.900       +6.853900e+00
     10.500            0.700       +7.155900e+00
     10.500            0.900       +7.131200e+00
     10.500            2.500       +7.043300e+00
     10.500            3.300       +6.100100e+00
     10.500           11.100       +6.869300e+00
     10.900            0.300       +7.468000e+00
     10.900           10.300       -8.558000e-01
     10.900           11.300       +6.840600e+00
     11.100            1.700       +5.600400e+00
     11.100            1.900       +5.797000e+00
     11.100            2.500       +6.843800e+00
     11.100            2.900       +6.888100e+00
     11.100            3.900       -1.878000e-01
     11.100            4.900       +1.236000e-01
     11.100            7.100       -1.361800e+00
     11.100           10.300       -7.479000e-01
     11.100           10.900       -4.227000e-01
     11.100           11.300       -3.098000e-01
     11.300            3.100       +1.890000e-02
     11.300            4.700       +1.310000e-01
     11.300            8.100       -1.412700e+00
     11.300           11.700       +6.490900e+00
     11.500            1.700       +6.779400e+00
     11.500            4.300       -2.880000e-02
     11.500            6.100       +5.520000e-01
     11.500            6.300       +3.259000e-01
     11.500            7.300       -1.633100e+00
     11.500            8.900       -3.015000e-01
     11.500            9.900       -5.844000e-01
     11.500           10.100       -4.062000e-01
     11.700            0.700       +9.008400e+00
     11.700            1.100       +8.071400e+00
     11.700            1.700       +7.256800e+00
     11.700            5.100       +5.452999e-01
     11.700            7.100       -1.188500e+00
     11.700            7.300       -1.493100e+00
     11.700            8.100       -1.481800e+00
     11.700            8.900       -3.827000e-01
     11.700            9.900       -3.393000e-01
     11.700           10.900       +9.949999e-02
     11.700           11.700       +6.548200e+00
     11.900            0.900       +8.655400e+00
     11.900            2.300       +7.790400e+00
     11.900           11.100       +2.047000e-01
