%       x_1              x_2            Y = ln T
      0.100            0.500       -1.822600e+00
      0.100            2.300       +1.185300e+00
      0.100            7.100       -3.640000e-02
      0.100            7.700       +2.149000e-01
      0.100           10.700       +7.643800e+00
      0.100           11.300       +6.747600e+00
      0.300            1.100       -1.370400e+00
      0.300            3.100       +5.806000e-01
      0.300            6.500       -5.045000e-01
      0.300           11.300       +6.610200e+00
      0.500            8.100       +6.590500e+00
      0.500           11.900       +6.794300e+00
      0.700            7.500       -1.039400e+00
      0.700           11.700       +6.651600e+00
      0.900            2.700       +1.594500e+00
      0.900            4.500       -6.728000e-01
      0.900            7.700       +6.116200e+00
      0.900            9.500       +7.394600e+00
      1.300            6.500       +5.349700e+00
      1.300           10.500       +8.902800e+00
      1.300           11.500       +7.735200e+00
      1.500            1.500       -8.303000e-01
      1.500            2.900       +2.161900e+00
      1.500            7.300       +6.672400e+00
      1.500            8.500       -9.580000e-02
      1.700            3.900       +3.818000e-01
      1.700            7.900       +7.256500e+00
      1.700            9.500       +7.254300e+00
      1.700            9.900       +7.873700e+00
      1.900            0.700       +7.860000e-02
      1.900            2.500       +1.177900e+00
      1.900            6.300       -5.724000e-01
      1.900           11.100       +8.630100e+00
      2.100            0.100       +7.659000e-01
      2.100            0.500       +6.401000e-01
      2.100            0.700       +4.509000e-01
      2.100            1.900       -2.127000e-01
      2.100            9.900       +7.727800e+00
      2.300            0.300       +7.300000e-01
      2.300            6.700       +1.367000e-01
      2.300            7.100       +1.225000e-01
      2.300           11.300       +8.286300e+00
      2.500            2.900       +1.462000e-01
      2.500            3.100       -5.750000e-02
      2.500            4.700       -8.799000e-01
      2.500            7.300       -4.700005e-03
      2.700            2.500       -5.644000e-01
      2.700            7.100       +2.530000e-02
      2.700            9.700       +7.482100e+00
      2.700           10.100       +8.046900e+00
      2.900            1.100       -1.479000e-01
      2.900            2.700       -9.953000e-01
      2.900            5.100       +6.283700e+00
      2.900            8.300       +6.920300e+00
      2.900            8.900       +7.029400e+00
      2.900            9.500       +7.392600e+00
      3.100            0.100       +1.017000e-01
      3.100            3.900       +5.831600e+00
      3.300            4.500       +5.904900e+00
      3.300            4.700       +5.891900e+00
      3.500            4.300       +5.877800e+00
      3.500            5.500       +5.802800e+00
      3.500           10.900       +8.435600e+00
      3.500           11.100       +8.265700e+00
      3.700            6.300       +7.024800e+00
      3.900            1.700       +5.786500e+00
      3.900            2.700       +1.129000e-01
      3.900            6.300       +6.863600e+00
      3.900           10.300       +7.943800e+00
      3.900           10.500       +7.805500e+00
      4.100            5.100       +5.314700e+00
      4.100            5.500       +5.626100e+00
      4.100            7.100       +7.469100e+00
      4.100            8.500       +7.184400e+00
      4.300            4.100       +5.901800e+00
      4.300           10.100       +6.964700e+00
      4.500            0.500       +8.285700e+00
      4.500            2.500       +6.676400e+00
      4.500            2.700       +6.676200e+00
      4.500            4.700       +5.478500e+00
      4.500            6.100       +6.508500e+00
      4.500            9.700       +6.293800e+00
      4.700            4.300       +5.719700e+00
      4.700            9.500       +5.756400e+00
      4.900            2.500       +5.935300e+00
      4.900            4.100       +6.030100e+00
      4.900            6.100       +7.269700e+00
      4.900            7.700       +7.463200e+00
      4.900            8.100       +6.506700e+00
      4.900           10.300       +5.313800e+00
      5.100            3.100       +5.763700e+00
      5.100            6.500       +7.897700e+00
      5.100            8.500       +6.034200e+00
      5.300            0.100       +1.222800e+00
      5.500            7.300       +8.107400e+00
      5.500            7.500       +8.232300e+00
      5.500           11.700       +5.281800e+00
      5.700            4.700       +6.485100e+00
      5.700            4.900       +6.714600e+00
      5.900            1.900       +5.662400e+00
      5.900            3.500       +6.116700e+00
      5.900            6.300       +6.802600e+00
      5.900            8.700       +6.757300e+00
      5.900           11.700       +5.439900e+00
      6.100            2.100       +5.719200e+00
      6.100            6.700       +6.511200e+00
      6.300           11.500       +5.845600e+00
      6.500            5.500       +6.915800e+00
      6.500            7.900       +2.420000e-01
      6.500           10.100       +7.078300e+00
      6.700            3.500       +6.518900e+00
      6.700           11.700       +6.001500e+00
      6.900            1.900       +6.743800e+00
      6.900            3.300       +6.492300e+00
      6.900            4.100       +7.184800e+00
      6.900            6.500       -7.347000e-01
      6.900           10.300       +7.289400e+00
      7.100            0.700       +6.156100e+00
      7.100            6.300       +6.406000e+00
      7.100            7.300       +1.744000e-01
      7.100            7.500       +3.355000e-01
      7.100            8.900       -1.258000e+00
      7.100           11.300       +6.350900e+00
      7.300            0.900       +6.676400e+00
      7.300            4.500       +6.766600e+00
      7.300            7.100       +9.329999e-02
      7.300            8.500       -5.853000e-01
      7.500            0.100       +7.368400e+00
      7.500            2.300       +7.468100e+00
      7.500            3.900       +6.961800e+00
      7.500            4.900       +6.467000e+00
      7.500           11.700       +6.912100e+00
      7.700            1.700       +7.834700e+00
      7.700            5.500       +7.118400e+00
      7.700            9.300       +7.317200e+00
      7.900            1.700       +8.126000e+00
      7.900            2.700       +7.558300e+00
      8.100            0.100       +7.295300e+00
      8.100            1.100       +7.557800e+00
      8.100            6.900       +7.713000e-01
      8.100            9.900       +7.586900e+00
      8.100           10.100       +7.468000e+00
      8.300            1.700       +8.471500e+00
      8.300            2.300       +8.017300e+00
      8.300            5.300       -3.415000e-01
      8.300            6.100       +7.996700e+00
      8.300           10.700       +7.676100e+00
      8.300           10.900       +7.859500e+00
      8.500            0.900       +7.568500e+00
      8.700            0.100       +8.055500e+00
      8.700            1.900       +8.428300e+00
      8.700            7.500       -5.429000e-01
      8.700            9.500       +7.470300e+00
      8.700           11.100       +8.096800e+00
      8.900           10.900       +7.656200e+00
      8.900           11.500       +8.033400e+00
      8.900           11.900       +8.096000e+00
      9.100            0.100       +8.073700e+00
      9.100            3.300       -8.421000e-01
      9.100            6.500       -8.536000e-01
      9.100            9.100       +7.401100e+00
      9.100            9.900       +7.484100e+00
      9.300            1.700       +8.639600e+00
      9.300            4.100       +6.577900e+00
      9.300            5.700       +7.605200e+00
      9.300            8.300       +6.597500e+00
      9.300            9.100       +7.696300e+00
      9.300            9.500       +7.943300e+00
      9.500            0.500       +7.309000e+00
      9.500            4.300       +6.641500e+00
      9.500            8.100       +6.452500e+00
      9.500            8.300       +6.923500e+00
      9.500            9.700       +7.998200e+00
      9.700            0.300       +7.227700e+00
      9.700            2.500       +7.976000e+00
      9.700            4.100       +6.119700e+00
      9.700            8.100       +6.712300e+00
      9.900            3.500       +5.714400e+00
      9.900            9.300       +7.855800e+00
      9.900           11.900       +6.881100e+00
     10.100            2.500       +7.528500e+00
     10.100            4.100       +6.215700e+00
     10.100            9.700       +7.562300e+00
     10.100           11.700       +6.709400e+00
     10.300            1.700       +6.471900e+00
     10.300            2.300       +7.271900e+00
     10.300           11.100       +6.864800e+00
     10.500            0.100       +6.585700e+00
     10.500            2.100       +6.534400e+00
     10.500            4.900       -3.000000e-02
     10.500            7.100       -1.147300e+00
     10.500            7.900       -4.797000e-01
     10.700            4.300       -1.412000e-01
     10.700            7.900       -6.986000e-01
     10.700           11.900       +6.726900e+00
     10.900            3.900       -2.690000e-01
     10.900            6.500       -5.690000e-01
     10.900            8.700       -3.996000e-01
     10.900            8.900       -4.880000e-01
     11.100            1.300       +6.416800e+00
     11.100            2.900       +6.888100e+00
     11.100            5.100       +3.281000e-01
     11.100            5.300       +4.327000e-01
     11.100           10.300       -7.479000e-01
     11.300            0.700       +8.561700e+00
     11.500            0.500       +9.223000e+00
     11.500            2.700       +7.683200e+00
     11.500            4.500       +1.009000e-01
     11.500            8.700       -4.015000e-01
     11.500           10.100       -4.062000e-01
     11.700            9.900       -3.393000e-01
     11.700           11.100       +9.399995e-03
     11.900            2.500       +8.143100e+00
     11.900            5.100       +3.550000e-01
     11.900            8.900       -5.802000e-01
     11.900            9.500       -5.599000e-01
