%       x_1              x_2            Y = ln T
      0.100            1.900       +7.705000e-01
      0.100            2.300       +1.185300e+00
      0.100            3.300       +1.284000e-01
      0.100            4.500       -3.430000e-02
      0.100            4.900       +3.529999e-02
      0.100            6.100       +4.470000e-01
      0.100            6.500       -1.474000e-01
      0.100            6.900       -2.096000e-01
      0.100            7.500       +2.187000e-01
      0.100            9.900       +7.826200e+00
      0.100           10.300       +7.983100e+00
      0.300            0.100       -1.669900e+00
      0.300            3.500       +5.860000e-02
      0.300            5.300       +3.999993e-04
      0.300            6.300       -1.625000e-01
      0.300           10.300       +8.187000e+00
      0.300           10.500       +8.067700e+00
      0.300           11.300       +6.610200e+00
      0.500            0.100       -1.400900e+00
      0.500            0.500       -1.608200e+00
      0.500            1.300       -1.185500e+00
      0.500            3.500       +2.262000e-01
      0.500            5.700       +1.550000e-01
      0.500            6.100       -8.600004e-03
      0.500            7.700       +6.503400e+00
      0.500            8.100       +6.590500e+00
      0.500            8.500       +6.713900e+00
      0.500            9.300       -9.800002e-03
      0.500            9.900       +7.988300e+00
      0.700            3.100       +1.113200e+00
      0.700            4.500       -5.937000e-01
      0.700            5.500       -4.238000e-01
      0.700            8.100       -6.962000e-01
      0.700           10.100       +8.371000e+00
      0.700           10.300       +8.518900e+00
      0.700           10.900       +7.657400e+00
      0.700           11.900       +6.781100e+00
      0.900            2.300       +1.103100e+00
      0.900            2.700       +1.594500e+00
      0.900            2.900       +1.567700e+00
      0.900            7.900       +6.239600e+00
      0.900            8.300       -5.842000e-01
      0.900            9.700       +7.724100e+00
      1.100            2.300       +1.187000e+00
      1.100            2.700       +1.757000e+00
      1.100            3.300       +1.463500e+00
      1.100            5.100       +6.052200e+00
      1.100            5.300       +6.159100e+00
      1.100            7.900       -6.687000e-01
      1.100            8.700       -3.775000e-01
      1.100            9.100       -4.543000e-01
      1.100           10.700       +8.668300e+00
      1.300            0.900       -1.232600e+00
      1.300            1.500       -8.391000e-01
      1.300            1.900       +6.859999e-02
      1.300            3.700       +9.510000e-01
      1.300            4.900       +6.330300e+00
      1.300            5.100       +6.305500e+00
      1.300            6.700       -1.960200e+00
      1.300           11.100       +8.322100e+00
      1.300           11.900       +7.304400e+00
      1.500            3.900       +5.929000e-01
      1.500            4.700       +6.725600e+00
      1.500            6.700       -1.589700e+00
      1.500            8.100       +6.991300e+00
      1.500            9.300       +7.035200e+00
      1.500           11.500       +7.960100e+00
      1.500           11.900       +7.484900e+00
      1.700            1.900       -1.200000e-02
      1.700            4.700       +6.864700e+00
      1.700            6.100       +6.437800e+00
      1.700            7.300       +7.026500e+00
      1.700            7.500       +7.252500e+00
      1.700            8.500       +7.092900e+00
      1.700            8.900       +7.072100e+00
      1.700            9.900       +7.873700e+00
      1.700           10.300       +8.518800e+00
      1.700           11.900       +7.592000e+00
      1.900            0.300       +6.025000e-01
      1.900            0.500       +3.570000e-01
      1.900            1.500       -5.170000e-01
      1.900            2.500       +1.177900e+00
      1.900            4.100       -4.603000e-01
      1.900            6.700       -5.846000e-01
      1.900            6.900       -3.969000e-01
      1.900            7.700       +7.354300e+00
      1.900            9.900       +7.803300e+00
      1.900           11.100       +8.630100e+00
      2.100            0.300       +7.580000e-01
      2.100            0.500       +6.401000e-01
      2.100            6.300       -1.874000e-01
      2.100            7.300       +1.723000e-01
      2.100            9.900       +7.727800e+00
      2.100           10.900       +8.643300e+00
      2.100           11.500       +8.016000e+00
      2.300            0.700       +6.512000e-01
      2.300            0.900       +5.244000e-01
      2.300            4.700       +6.503600e+00
      2.300            5.300       +7.102200e+00
      2.300            6.700       +1.367000e-01
      2.300            8.100       +7.051400e+00
      2.300            8.900       +6.828200e+00
      2.300            9.700       +7.426100e+00
      2.300           10.100       +7.863400e+00
      2.300           10.500       +8.297700e+00
      2.500            2.100       -6.212000e-01
      2.500            2.300       -3.840000e-01
      2.500            4.100       -1.692700e+00
      2.500            4.300       -1.689600e+00
      2.500            5.300       +6.889600e+00
      2.500            6.500       +7.454400e+00
      2.500            6.900       +1.562000e-01
      2.500            7.300       -4.700005e-03
      2.500           10.700       +8.643300e+00
      2.500           11.100       +8.591400e+00
      2.700            0.700       +7.552900e+00
      2.700            1.300       -1.857000e-01
      2.700            1.700       +6.155900e+00
      2.700            2.300       -7.663000e-01
      2.700            3.500       -1.256800e+00
      2.700            4.300       -1.602200e+00
      2.700            9.500       +7.277300e+00
      2.700           10.100       +8.046900e+00
      2.700           10.300       +8.407700e+00
      2.700           10.500       +8.711600e+00
      2.700           10.700       +8.878700e+00
      2.700           10.900       +8.882500e+00
      2.900            1.100       -1.479000e-01
      2.900            2.900       -1.147400e+00
      2.900            3.100       -1.314600e+00
      2.900            3.700       -1.449500e+00
      2.900            3.900       -1.422100e+00
      2.900            4.100       +5.676100e+00
      2.900            4.300       +5.695100e+00
      2.900            4.900       +6.165900e+00
      2.900            5.100       +6.283700e+00
      2.900            9.300       +7.231200e+00
      2.900           11.100       +8.761200e+00
      3.100            3.700       +5.740500e+00
      3.100            4.300       +5.835200e+00
      3.100            6.300       +7.038000e-01
      3.100            7.300       -1.092000e-01
      3.100            7.500       -1.116000e-01
      3.100           10.100       +8.563200e+00
      3.300            0.300       +7.475000e+00
      3.300            6.500       +7.662600e+00
      3.300            9.100       +7.463000e+00
      3.300            9.300       +7.539300e+00
      3.300            9.500       +7.727100e+00
      3.300           10.500       +8.875600e+00
      3.300           11.100       +8.595900e+00
      3.500            1.900       +5.555100e+00
      3.500            4.500       +5.802400e+00
      3.500            5.100       +5.466500e+00
      3.500            6.500       +7.388300e+00
      3.500           10.500       +8.596900e+00
      3.500           11.100       +8.265700e+00
      3.700            2.700       -2.569000e-01
      3.700            4.300       +5.801400e+00
      3.700            5.500       +5.558800e+00
      3.700            5.700       +6.014600e+00
      3.700            6.100       +6.812800e+00
      3.700            6.300       +7.024800e+00
      3.700            7.700       +7.388600e+00
      3.700            9.700       +8.042400e+00
      3.900            0.700       +8.052000e-01
      3.900            5.100       +5.157100e+00
      3.900            5.900       +6.414800e+00
      3.900            8.300       +7.459800e+00
      3.900            9.300       +7.611200e+00
      4.100            0.300       +8.518600e+00
      4.100            0.900       +7.612900e+00
      4.100            1.900       +6.075300e+00
      4.100            2.300       +6.891100e+00
      4.100            4.900       +5.312700e+00
      4.100           10.900       +7.098600e+00
      4.100           11.300       +7.220000e+00
      4.100           11.500       +7.195700e+00
      4.300            2.100       +6.462900e+00
      4.300            9.700       +6.888700e+00
      4.300           10.300       +6.856000e+00
      4.300           10.500       +6.725900e+00
      4.300           11.100       +6.837400e+00
      4.300           11.300       +6.993600e+00
      4.500            0.500       +8.285700e+00
      4.500            0.900       +7.602800e+00
      4.500            1.100       +7.051800e+00
      4.500            4.700       +5.478500e+00
      4.500            7.500       +7.856500e+00
      4.500            7.700       +7.540300e+00
      4.500           11.100       +6.504400e+00
      4.700            1.700       +6.071400e+00
      4.700            2.100       +6.144700e+00
      4.700            2.300       +6.284400e+00
      4.700            2.500       +6.322300e+00
      4.700            4.300       +5.719700e+00
      4.700            6.300       +7.190900e+00
      4.700            6.500       +7.614700e+00
      4.700            8.100       +6.689400e+00
      4.700            9.500       +5.756400e+00
      4.900            1.900       +5.889700e+00
      4.900            2.300       +5.953600e+00
      4.900            3.900       +6.134900e+00
      4.900            5.100       +6.347800e+00
      4.900            5.500       +6.775600e+00
      4.900            6.100       +7.269700e+00
      4.900            6.500       +7.814100e+00
      4.900            7.300       +8.202200e+00
      4.900            8.900       +5.841400e+00
      5.100            1.700       +5.595400e+00
      5.100            2.100       +5.644200e+00
      5.100            2.300       +5.634000e+00
      5.100            2.900       +5.578300e+00
      5.100            3.300       +6.001600e+00
      5.100            7.300       +8.279100e+00
      5.100            9.100       +5.817500e+00
      5.100           11.100       +5.417500e+00
      5.100           11.700       +5.698300e+00
      5.100           11.900       +5.714100e+00
      5.300            1.100       +6.082800e+00
      5.300            4.700       +6.360400e+00
      5.300            5.500       +7.247000e+00
      5.300            6.500       +7.821500e+00
      5.300            7.100       +8.180799e+00
      5.300            8.100       +6.920600e+00
      5.300            9.300       +6.048800e+00
      5.300            9.500       +6.051700e+00
      5.300            9.900       +5.789800e+00
      5.300           10.300       +5.400200e+00
      5.300           11.900       +5.446400e+00
      5.500            0.300       +8.550000e-01
      5.500            1.700       +5.439400e+00
      5.500            3.500       +6.245000e+00
      5.500            4.500       +6.273300e+00
      5.500            7.100       +7.890100e+00
      5.500            7.700       +8.092900e+00
      5.500            9.500       +6.306800e+00
      5.700            1.700       +5.554600e+00
      5.700            3.100       +5.687300e+00
      5.700            3.500       +6.180700e+00
      5.700            6.100       +7.210400e+00
      5.700            6.700       +7.176000e+00
      5.700            8.500       +6.712300e+00
      5.700            8.900       +6.538400e+00
      5.900            1.700       +5.737400e+00
      5.900            6.300       +6.802600e+00
      5.900            7.100       +7.213800e+00
      6.100            0.100       +7.701900e+00
      6.100            0.500       +6.803600e+00
      6.100            3.300       +5.817600e+00
      6.100            5.300       +7.093800e+00
      6.100            5.700       +6.876100e+00
      6.100            6.300       +6.410500e+00
      6.100            7.100       +7.094900e+00
      6.100            9.100       +6.774700e+00
      6.100            9.700       +6.727800e+00
      6.100           10.700       +6.113300e+00
      6.300            0.500       +6.551700e+00
      6.300            1.300       +6.021800e+00
      6.300            3.500       +6.166500e+00
      6.300            3.900       +6.509100e+00
      6.300            4.700       +6.866700e+00
      6.300            5.100       +7.147100e+00
      6.300            5.300       +7.122200e+00
      6.300            6.300       +6.144600e+00
      6.300            7.300       +7.405200e+00
      6.300           10.700       +6.484600e+00
      6.300           11.500       +5.845600e+00
      6.500            0.500       +6.357500e+00
      6.500            1.500       +6.224400e+00
      6.500            1.700       +6.269000e+00
      6.500            2.300       +5.837800e+00
      6.500            2.500       +5.598400e+00
      6.500            5.300       +7.113500e+00
      6.500            6.500       +6.193800e+00
      6.500            6.700       +6.490100e+00
      6.500            9.100       +6.433700e+00
      6.500            9.300       +6.491400e+00
      6.500           10.100       +7.078300e+00
      6.500           10.900       +6.462600e+00
      6.500           11.300       +5.852400e+00
      6.700            0.500       +6.226200e+00
      6.700            2.500       +5.901200e+00
      6.700            3.100       +5.938300e+00
      6.700            3.500       +6.518900e+00
      6.700            6.300       +6.144500e+00
      6.700            7.900       +2.104000e-01
      6.700            8.700       +6.289900e+00
      6.900            4.700       +7.224100e+00
      6.900            5.900       +6.471300e+00
      6.900            6.700       -4.935000e-01
      6.900            6.900       -2.318000e-01
      6.900            9.100       +5.937400e+00
      7.100            0.700       +6.156100e+00
      7.100            1.300       +6.650800e+00
      7.100            1.700       +6.935600e+00
      7.100            2.300       +6.985900e+00
      7.100            3.500       +7.009500e+00
      7.100            4.900       +7.202000e+00
      7.100            8.500       +6.409200e+00
      7.100           10.900       +6.778500e+00
      7.100           11.500       +6.269900e+00
      7.300            0.100       +7.467000e+00
      7.300            2.300       +7.295900e+00
      7.300            4.100       +6.921300e+00
      7.300            4.900       +6.871200e+00
      7.300            5.100       +7.115200e+00
      7.300            5.700       +7.210100e+00
      7.300            6.700       -2.227000e-01
      7.300            7.300       +2.643000e-01
      7.300            9.500       +6.822400e+00
      7.300            9.900       +7.209600e+00
      7.500            0.300       +6.958100e+00
      7.500            0.500       +6.694900e+00
      7.500            1.300       +7.273800e+00
      7.500            2.900       +7.096200e+00
      7.500            4.100       +6.723000e+00
      7.500            4.900       +6.467000e+00
      7.500            5.100       +6.761000e+00
      7.500            8.700       -5.114000e-01
      7.700            2.100       +7.802600e+00
      7.700            3.100       +7.305700e+00
      7.700            3.300       +7.280000e+00
      7.700            3.500       +7.243200e+00
      7.700            3.700       +7.121300e+00
      7.700            4.100       +6.621900e+00
      7.700            5.100       +6.421500e+00
      7.700            6.100       +5.128000e-01
      7.700            7.700       +4.470000e-01
      7.700            8.900       +7.010000e+00
      7.700           10.700       +7.279800e+00
      7.900            1.700       +8.126000e+00
      7.900            3.900       +6.913600e+00
      7.900            4.100       -5.181000e-01
      7.900            5.300       +6.641100e+00
      7.900            6.300       +7.882800e+00
      7.900            6.700       +7.791900e+00
      7.900            6.900       +7.732200e+00
      7.900            7.700       +3.338000e-01
      7.900            9.100       +7.372200e+00
      7.900            9.500       +7.633700e+00
      7.900           11.500       +7.644200e+00
      8.100            0.500       +7.171200e+00
      8.100            0.900       +7.303300e+00
      8.100            1.100       +7.557800e+00
      8.100            1.900       +8.339400e+00
      8.100            2.100       +8.173600e+00
      8.100            2.900       +7.592400e+00
      8.100            3.300       +7.355300e+00
      8.100            3.700       +7.097200e+00
      8.100            3.900       +6.930500e+00
      8.100            9.700       +7.674300e+00
      8.100            9.900       +7.586900e+00
      8.100           10.900       +7.660900e+00
      8.300            0.300       +7.463300e+00
      8.300            0.900       +7.458600e+00
      8.300            2.900       +7.585700e+00
      8.300            3.900       +6.951200e+00
      8.300            4.100       -4.282000e-01
      8.300            4.900       -9.623000e-01
      8.300            5.900       +7.835300e+00
      8.300            6.500       +9.851000e-01
      8.300            8.500       +6.633800e+00
      8.300            8.700       +6.780300e+00
      8.300            9.300       +7.447600e+00
      8.300           11.700       +8.187000e+00
      8.500            0.900       +7.568500e+00
      8.500            1.500       +8.387300e+00
      8.500            2.900       +7.414900e+00
      8.500            5.300       -1.296000e-01
      8.500            6.300       +7.889600e+00
      8.500            7.100       +3.667000e-01
      8.500            7.500       -1.920000e-01
      8.500            9.700       +7.535200e+00
      8.500           10.300       +7.309900e+00
      8.500           11.100       +8.147700e+00
      8.700            4.100       -2.298000e-01
      8.700            5.100       -9.190000e-02
      8.700            5.500       +7.481100e+00
      8.700            6.700       +3.110000e-01
      8.700           11.500       +8.257401e+00
      8.900            0.100       +8.163000e+00
      8.900            0.500       +7.648200e+00
      8.900            4.500       -5.760000e-02
      8.900            4.900       +1.548000e-01
      8.900            5.100       +7.424400e+00
      8.900            6.700       -3.101000e-01
      8.900            8.700       +6.626100e+00
      8.900            9.500       +7.540000e+00
      8.900           10.300       +7.038700e+00
      9.100            4.900       +4.615000e-01
      9.100            6.300       -5.888000e-01
      9.100            7.100       -9.673000e-01
      9.100            8.500       +6.633700e+00
      9.100           11.700       +7.752000e+00
      9.300            0.100       +7.834100e+00
      9.300            3.700       -1.079800e+00
      9.300            5.300       +8.057000e-01
      9.300            5.700       +7.605200e+00
      9.300            6.100       -5.164000e-01
      9.300            9.500       +7.943300e+00
      9.300            9.900       +7.884500e+00
      9.500            0.300       +7.401400e+00
      9.500            1.500       +8.413200e+00
      9.500            1.700       +8.489400e+00
      9.500            2.300       +8.366899e+00
      9.500            3.500       +5.817600e+00
      9.500            4.900       +3.154000e-01
      9.500            5.100       +5.055000e-01
      9.500            7.500       -1.386000e+00
      9.500            9.700       +7.998200e+00
      9.500           10.300       +7.622700e+00
      9.500           10.500       +7.298000e+00
      9.700            3.300       +5.973900e+00
      9.700            3.900       +5.870900e+00
      9.700            4.500       -3.663000e-01
      9.700            9.700       +7.920900e+00
      9.700           10.300       +7.544500e+00
      9.700           11.500       +6.878700e+00
      9.700           11.900       +7.054200e+00
      9.900            0.300       +7.057700e+00
      9.900            1.900       +7.849100e+00
      9.900            3.100       +6.300700e+00
      9.900           11.300       +6.792100e+00
      9.900           11.500       +6.745700e+00
     10.100            1.900       +7.250700e+00
     10.100            3.500       +5.741200e+00
     10.100            3.900       +5.985000e+00
     10.100            5.700       +7.051100e+00
     10.100            9.500       +7.637500e+00
     10.100           11.900       +6.828400e+00
     10.300            2.500       +7.293300e+00
     10.300            4.100       +6.458900e+00
     10.300            4.700       -1.643000e-01
     10.300            9.900       +7.102700e+00
     10.300           10.500       +6.799900e+00
     10.500            1.700       +6.022500e+00
     10.500            4.300       +6.858200e+00
     10.500            5.900       -3.828000e-01
     10.500            6.300       -9.465000e-01
     10.500            6.900       -1.037300e+00
     10.500            7.900       -4.797000e-01
     10.500           11.100       +6.869300e+00
     10.700            1.500       +5.897400e+00
     10.700            1.700       +5.727400e+00
     10.700            2.100       +6.162600e+00
     10.700            3.100       +6.354100e+00
     10.700            3.500       +6.455000e+00
     10.700            4.900       -1.860000e-02
     10.700            5.300       +2.114000e-01
     10.700            5.500       +1.727000e-01
     10.700            8.500       -1.404000e-01
     10.700            9.300       -4.405000e-01
     10.700           10.100       -7.728000e-01
     10.700           10.500       +6.316500e+00
     10.700           10.700       +6.435200e+00
     10.900            1.700       +5.563000e+00
     10.900            2.700       +6.799800e+00
     10.900            3.500       +6.652800e+00
     10.900            3.700       +6.739400e+00
     10.900            4.500       -1.017000e-01
     10.900            5.100       +1.899000e-01
     10.900            6.500       -5.690000e-01
     10.900            7.100       -1.215500e+00
     10.900            7.500       -1.445300e+00
     10.900            8.900       -4.880000e-01
     10.900            9.100       -5.406000e-01
     10.900           10.300       -8.558000e-01
     10.900           10.700       -6.693000e-01
     11.100            2.300       +6.541400e+00
     11.100            3.500       +6.810900e+00
     11.100            3.700       +6.869700e+00
     11.100            5.500       +4.284000e-01
     11.100            8.300       -7.958000e-01
     11.100           10.700       -5.208000e-01
     11.300            0.100       +8.863300e+00
     11.300            2.900       +1.514000e-01
     11.300            3.100       +1.890000e-02
     11.300            5.700       +5.633000e-01
     11.300            6.500       -1.871000e-01
     11.300            7.300       -1.664100e+00
     11.300            7.500       -1.835300e+00
     11.300            9.100       -4.589000e-01
     11.300           10.700       -2.830000e-01
     11.500            1.700       +6.779400e+00
     11.500            3.100       +5.230000e-01
     11.500            4.900       +4.181000e-01
     11.500            7.300       -1.633100e+00
     11.500            8.500       -6.457000e-01
     11.500            9.300       -4.736000e-01
     11.700            1.500       +7.377700e+00
     11.700            3.100       +8.130100e+00
     11.700            6.500       +1.208000e-01
     11.700            7.700       -1.790900e+00
     11.700            8.100       -1.481800e+00
     11.700            8.500       -7.141000e-01
     11.700           11.500       +6.813100e+00
     11.900            3.100       +8.496000e+00
     11.900            3.300       +8.133500e+00
     11.900            3.900       -2.213000e-01
     11.900            6.900       -6.874000e-01
     11.900            7.700       -1.586400e+00
     11.900            9.700       -4.435000e-01
     11.900           10.300       +2.562000e-01
     11.900           11.500       -2.388000e-01
