%       x_1              x_2            Y = ln T
      0.100            1.100       -1.273600e+00
      0.100            2.900       +6.819000e-01
      0.100            7.500       +2.187000e-01
      0.100            9.100       -1.852000e-01
      0.100            9.900       +7.826200e+00
      0.100           10.700       +7.643800e+00
      0.300            3.100       +5.806000e-01
      0.300            4.500       -1.592000e-01
      0.300            6.100       +2.208000e-01
      0.300            6.900       -5.797000e-01
      0.300            8.500       +6.881700e+00
      0.300            8.900       -2.387000e-01
      0.300           11.100       +6.903700e+00
      0.500            0.700       -1.665300e+00
      0.500            1.500       -7.640000e-01
      0.500            6.700       -1.037000e+00
      0.700            2.500       +1.307600e+00
      0.700            3.100       +1.113200e+00
      0.700            4.900       -9.178000e-01
      0.700           10.300       +8.518900e+00
      0.900            7.900       +6.239600e+00
      1.100            0.100       +1.511000e-01
      1.100            2.700       +1.757000e+00
      1.100            5.100       +6.052200e+00
      1.100            6.100       +6.369900e+00
      1.100            8.900       -4.556000e-01
      1.100            9.900       +8.060300e+00
      1.100           10.900       +8.372600e+00
      1.300            0.300       +1.640000e-02
      1.300            2.500       +1.607200e+00
      1.300            2.900       +2.012300e+00
      1.300            5.500       +6.404300e+00
      1.300            5.700       +6.588500e+00
      1.300            7.500       +6.550900e+00
      1.300            9.100       -3.488000e-01
      1.300           11.300       +7.958600e+00
      1.500            0.700       -6.507000e-01
      1.500            1.900       +5.009999e-02
      1.500            2.100       +6.049000e-01
      1.500            2.300       +1.129500e+00
      1.500            2.900       +2.161900e+00
      1.500            5.500       +6.544100e+00
      1.500            9.700       +7.573600e+00
      1.500           10.500       +8.886900e+00
      1.500           11.700       +7.702200e+00
      1.700            1.300       -9.365000e-01
      1.700            2.900       +2.126700e+00
      1.700            3.100       +2.092100e+00
      1.700            3.700       +8.870000e-01
      1.700            3.900       +3.818000e-01
      1.700            5.100       +6.832100e+00
      1.700            6.500       -1.133700e+00
      1.700           11.700       +7.799500e+00
      1.900            0.500       +3.570000e-01
      1.900            2.300       +7.207000e-01
      1.900            3.700       +4.081000e-01
      1.900            4.100       -4.603000e-01
      1.900            5.900       +6.884800e+00
      1.900            8.700       +7.004800e+00
      1.900            9.500       +7.266800e+00
      1.900            9.900       +7.803300e+00
      1.900           10.300       +8.341100e+00
      1.900           11.300       +8.379200e+00
      2.100            1.100       +2.890000e-02
      2.100            1.300       -1.525000e-01
      2.100            2.500       +8.076000e-01
      2.100            7.700       +7.290500e+00
      2.100            9.700       +7.484200e+00
      2.100            9.900       +7.727800e+00
      2.100           11.100       +8.535200e+00
      2.300            1.300       +1.105000e-01
      2.300            2.100       -2.784000e-01
      2.300            3.900       -1.264800e+00
      2.300            4.100       -1.475100e+00
      2.300            5.700       +7.261800e+00
      2.300            6.500       +1.403000e-01
      2.300            7.500       +7.161700e+00
      2.300           10.100       +7.863400e+00
      2.500            1.900       -7.393000e-01
      2.500            2.700       +1.020000e-01
      2.500            2.900       +1.462000e-01
      2.500            5.700       +7.247200e+00
      2.500            6.900       +1.562000e-01
      2.500            7.500       +7.063600e+00
      2.500            7.900       +7.018400e+00
      2.500            8.900       +6.769700e+00
      2.500            9.700       +7.409100e+00
      2.700            3.300       -1.005500e+00
      2.700            4.500       -1.374700e+00
      2.700            5.100       +6.485400e+00
      2.700            5.900       +7.378900e+00
      2.700            7.300       -5.970000e-02
      2.700           10.700       +8.878700e+00
      2.900            2.700       -9.953000e-01
      2.900            4.900       +6.165900e+00
      2.900            5.100       +6.283700e+00
      2.900            6.100       +5.207000e-01
      2.900            7.700       -3.300000e-02
      2.900            8.700       +6.946900e+00
      2.900            9.700       +7.635900e+00
      3.100            0.300       +1.190000e-01
      3.100            4.500       +5.913000e+00
      3.100            8.100       +7.170600e+00
      3.100           11.300       +8.333500e+00
      3.300            2.300       -1.228800e+00
      3.300           11.300       +8.200700e+00
      3.300           11.900       +6.931500e+00
      3.500            0.500       +5.358000e-01
      3.500            3.100       +6.088400e+00
      3.500            4.100       +5.922100e+00
      3.500            6.100       +7.074200e+00
      3.500            8.100       +7.495100e+00
      3.500           10.500       +8.596900e+00
      3.500           11.300       +7.971900e+00
      3.700            0.900       +1.343000e-01
      3.700            1.300       +6.333400e+00
      3.700            1.500       +5.898200e+00
      3.700            1.700       +5.664300e+00
      3.700            2.500       -3.219000e-01
      3.700            2.700       -2.569000e-01
      3.700            4.900       +5.311400e+00
      3.700            7.300       +7.279700e+00
      3.700            7.500       +7.352900e+00
      3.700            8.900       +7.653700e+00
      3.700            9.300       +7.725400e+00
      3.900            1.700       +5.786500e+00
      3.900            4.100       +5.923600e+00
      3.900            4.300       +5.757300e+00
      3.900            9.300       +7.611200e+00
      3.900           10.500       +7.805500e+00
      4.100            0.300       +8.518600e+00
      4.100            1.300       -6.040000e-01
      4.100            1.500       +6.047300e+00
      4.100            2.900       +7.103300e+00
      4.100            3.300       +6.684800e+00
      4.100            6.100       +6.613700e+00
      4.100            8.300       +7.244900e+00
      4.100           10.900       +7.098600e+00
      4.300            0.700       +8.107600e+00
      4.300            1.100       +7.078800e+00
      4.300            2.100       +6.462900e+00
      4.300            3.500       +6.623600e+00
      4.300            5.500       +5.828500e+00
      4.300            9.300       +6.581200e+00
      4.300           10.100       +6.964700e+00
      4.500            0.700       +8.026300e+00
      4.500            3.700       +6.357400e+00
      4.500            6.700       +7.576300e+00
      4.500            7.300       +7.977000e+00
      4.500            9.700       +6.293800e+00
      4.700            0.500       +8.109000e+00
      4.700            5.300       +6.237400e+00
      4.700           10.500       +5.677400e+00
      4.700           10.700       +5.740400e+00
      4.900            0.300       +1.046200e+00
      4.900            0.500       +7.944800e+00
      4.900            2.100       +5.901600e+00
      4.900            3.900       +6.134900e+00
      4.900            7.700       +7.463200e+00
      4.900           10.300       +5.313800e+00
      4.900           11.700       +5.883300e+00
      5.100            3.900       +6.255200e+00
      5.100            4.700       +6.179500e+00
      5.100            6.900       +8.213700e+00
      5.100            7.100       +8.314700e+00
      5.100            7.700       +7.564700e+00
      5.100            8.500       +6.034200e+00
      5.300            2.700       +5.356800e+00
      5.300            3.100       +5.695600e+00
      5.300            4.700       +6.360400e+00
      5.300            7.500       +8.170800e+00
      5.300            7.900       +7.399000e+00
      5.300            8.300       +6.493900e+00
      5.300            9.100       +6.011800e+00
      5.300           11.300       +5.396200e+00
      5.500            1.500       +5.506600e+00
      5.500            3.900       +6.345800e+00
      5.500            6.900       +7.780600e+00
      5.700            1.900       +5.492400e+00
      5.700            2.700       +5.334500e+00
      5.700            6.300       +7.226500e+00
      5.700           10.500       +5.756500e+00
      5.700           11.100       +5.184600e+00
      5.700           11.500       +5.303300e+00
      5.900            2.300       +5.431100e+00
      5.900            3.300       +5.862200e+00
      5.900            5.500       +7.100900e+00
      5.900            5.700       +7.039900e+00
      5.900            6.900       +6.922400e+00
      5.900            7.100       +7.213800e+00
      5.900           10.100       +6.357900e+00
      6.100            0.300       +7.274700e+00
      6.100            0.900       +6.079900e+00
      6.100            4.300       +6.491500e+00
      6.100            5.300       +7.093800e+00
      6.100            5.900       +6.661600e+00
      6.100            6.900       +6.749900e+00
      6.300            2.900       +5.357800e+00
      6.300            6.900       +6.769500e+00
      6.300            7.100       +7.128100e+00
      6.300            8.100       +1.296000e-01
      6.300            8.900       +6.697400e+00
      6.300            9.300       +6.681400e+00
      6.300           10.100       +6.860300e+00
      6.300           11.700       +6.013700e+00
      6.500            0.700       +6.037900e+00
      6.500            6.100       +6.084100e+00
      6.500            7.700       +7.439100e+00
      6.500            8.900       +6.458700e+00
      6.700            0.500       +6.226200e+00
      6.700            0.900       +5.937800e+00
      6.700            4.100       +7.017600e+00
      6.700            5.300       +8.070000e-02
      6.700            5.900       +6.289800e+00
      6.700            7.100       +5.000000e-02
      6.700           10.900       +6.679800e+00
      6.700           11.700       +6.001500e+00
      6.900            0.900       +6.030400e+00
      6.900            3.700       +6.989400e+00
      6.900            6.700       -4.935000e-01
      6.900            7.900       +2.455000e-01
      6.900            8.900       -1.194900e+00
      7.100            0.500       +6.275700e+00
      7.100            2.100       +7.077900e+00
      7.100            6.300       +6.406000e+00
      7.100           10.300       +7.201800e+00
      7.300            0.900       +6.676400e+00
      7.300            3.900       +7.083200e+00
      7.300            4.300       +6.853500e+00
      7.300            5.700       +7.210100e+00
      7.300            6.500       -2.710000e-01
      7.300            7.900       +4.900000e-01
      7.300            9.900       +7.209600e+00
      7.300           10.500       +7.174900e+00
      7.500            3.300       +7.194200e+00
      7.500            5.500       +7.247400e+00
      7.500            7.300       +3.749000e-01
      7.500            7.700       +5.561000e-01
      7.500            7.900       +4.930000e-01
      7.500            9.100       +6.686000e+00
      7.500           10.500       +7.224700e+00
      7.500           10.900       +7.017000e+00
      7.700            0.100       +7.241400e+00
      7.700            1.100       +7.218000e+00
      7.700            1.300       +7.463000e+00
      7.700            4.100       +6.621900e+00
      7.700            4.300       -7.634000e-01
      7.700            5.700       +7.394000e+00
      7.700            9.900       +7.516900e+00
      7.900            0.900       +7.127700e+00
      8.100            4.100       -4.949000e-01
      8.100            8.900       +7.188600e+00
      8.300            1.300       +8.045200e+00
      8.300            1.700       +8.471500e+00
      8.300            2.700       +7.706100e+00
      8.300            3.900       +6.951200e+00
      8.300            4.300       -7.428000e-01
      8.300            6.500       +9.851000e-01
      8.300            8.700       +6.780300e+00
      8.300            9.700       +7.599300e+00
      8.300            9.900       +7.500600e+00
      8.500            1.900       +8.425400e+00
      8.500            3.100       +7.266700e+00
      8.500            6.700       +7.765000e-01
      8.500            8.900       +6.762100e+00
      8.500           10.700       +7.697200e+00
      8.700            1.500       +8.466200e+00
      8.700            1.900       +8.428300e+00
      8.700            3.300       +6.915300e+00
      8.700            3.500       +6.871700e+00
      8.700            9.500       +7.470300e+00
      8.700            9.700       +7.434300e+00
      8.700           11.100       +8.096800e+00
      8.900            2.500       +7.883400e+00
      8.900            4.500       -5.760000e-02
      8.900            5.500       +7.735400e+00
      8.900            6.900       -3.510000e-01
      8.900            7.300       -6.857000e-01
      8.900            8.300       +6.118600e+00
      8.900            9.100       +7.142900e+00
      8.900            9.500       +7.540000e+00
      8.900           10.300       +7.038700e+00
      8.900           10.700       +7.359900e+00
      9.100            0.300       +7.757600e+00
      9.100            4.700       +7.388400e+00
      9.100            5.900       +7.357900e+00
      9.100            6.100       -1.867000e-01
      9.100            6.300       -5.888000e-01
      9.100            6.500       -8.536000e-01
      9.100            9.300       +7.622400e+00
      9.100           10.300       +7.244500e+00
      9.100           11.900       +7.792600e+00
      9.300            0.700       +7.469200e+00
      9.300            2.300       +8.400500e+00
      9.300            3.700       -1.079800e+00
      9.300            3.900       +6.278100e+00
      9.300            4.900       +5.296000e-01
      9.300            5.300       +8.057000e-01
      9.300            8.500       +6.993700e+00
      9.500            0.500       +7.309000e+00
      9.500            1.100       +7.840300e+00
      9.500            1.900       +8.538800e+00
      9.500            2.100       +8.488000e+00
      9.500            5.500       +7.703400e+00
      9.500           11.300       +7.117000e+00
      9.700            1.300       +7.881700e+00
      9.700            1.500       +8.190400e+00
      9.700            7.300       -1.413900e+00
      9.700            8.900       +7.896800e+00
      9.700            9.300       +7.985400e+00
      9.700           10.100       +7.773800e+00
      9.700           10.500       +7.289500e+00
      9.700           11.700       +6.902300e+00
      9.700           11.900       +7.054200e+00
      9.900            3.500       +5.714400e+00
      9.900            6.900       -1.621000e+00
      9.900            7.700       -9.071000e-01
      9.900            8.500       +7.532700e+00
      9.900           11.300       +6.792100e+00
      9.900           11.700       +6.748100e+00
     10.100            1.700       +7.048600e+00
     10.100            2.300       +7.624000e+00
     10.100            3.500       +5.741200e+00
     10.100            5.900       -5.384000e-01
     10.100           10.900       +6.958100e+00
     10.300            0.700       +7.078900e+00
     10.300            2.900       +6.569400e+00
     10.300            3.100       +6.168500e+00
     10.300            3.300       +5.908000e+00
     10.300            3.900       +6.231900e+00
     10.300            4.900       -6.820000e-02
     10.300            6.300       -1.222700e+00
     10.300            7.300       -1.218300e+00
     10.300            7.500       -1.039000e+00
     10.300            7.900       -4.225000e-01
     10.300            8.500       +2.935000e-01
     10.300           10.100       +7.007400e+00
     10.500            0.500       +7.010600e+00
     10.500            0.700       +7.155900e+00
     10.500            7.100       -1.147300e+00
     10.500            7.700       -7.607000e-01
     10.500            7.900       -4.797000e-01
     10.500           10.700       +6.591900e+00
     10.500           10.900       +6.761700e+00
     10.700            2.100       +6.162600e+00
     10.700            2.300       +6.569400e+00
     10.700            2.900       +6.539100e+00
     10.700            4.100       +6.824500e+00
     10.700            5.700       -9.300001e-03
     10.700            7.100       -1.146300e+00
     10.700            8.100       -4.393000e-01
     10.700            8.500       -1.404000e-01
     10.700            9.700       +6.381900e+00
     10.700           10.100       -7.728000e-01
     10.900            3.900       -2.690000e-01
     10.900            5.700       +9.959999e-02
     10.900            7.300       -1.447200e+00
     10.900            8.100       -8.078000e-01
     10.900            9.500       +6.191400e+00
     10.900           10.300       -8.558000e-01
     10.900           10.900       +6.609200e+00
     10.900           11.500       +6.774200e+00
     11.100            1.500       +5.808400e+00
     11.100            4.300       -8.760000e-02
     11.100            5.500       +4.284000e-01
     11.100            6.100       -6.140000e-02
     11.100            6.300       -1.931000e-01
     11.100            6.700       -6.752000e-01
     11.100            7.300       -1.606400e+00
     11.100            9.700       -1.012900e+00
     11.300            0.500       +8.788700e+00
     11.300            0.700       +8.561700e+00
     11.300            0.900       +8.136300e+00
     11.300            4.300       -6.330000e-02
     11.300            4.500       +1.170000e-02
     11.300            5.300       +5.892000e-01
     11.300           11.700       +6.490900e+00
     11.500            2.100       +6.813800e+00
     11.500            3.700       -4.530000e-02
     11.500            4.500       +1.009000e-01
     11.500            4.700       +2.590000e-01
     11.500            6.700       -4.573000e-01
     11.500            8.700       -4.015000e-01
     11.500           10.900       -8.780000e-02
     11.700            0.700       +9.008400e+00
     11.700            2.100       +7.149600e+00
     11.700            3.700       +2.220000e-02
     11.700            6.700       -3.404000e-01
     11.700            7.500       -1.709400e+00
     11.700            8.700       -4.867000e-01
     11.700           10.700       +1.462000e-01
     11.900            1.100       +8.259100e+00
     11.900            5.900       +6.052000e-01
     11.900            6.300       +5.876999e-01
     11.900            6.500       +2.025000e-01
     11.900            8.700       -6.195000e-01
     11.900           10.500       +3.103000e-01
