%       x_1              x_2            Y = ln T
      0.100            1.300       -8.160000e-01
      0.100            1.500       -2.574000e-01
      0.100            1.700       +3.018000e-01
      0.100            2.300       +1.185300e+00
      0.100            3.700       -1.449000e-01
      0.100            4.300       -1.714000e-01
      0.100            5.100       +7.350000e-02
      0.100            5.700       +6.024000e-01
      0.100            7.700       +2.149000e-01
      0.100            8.300       +7.110000e-02
      0.100           10.100       +7.961700e+00
      0.100           10.900       +7.320300e+00
      0.100           11.100       +7.005200e+00
      0.100           11.500       +6.656200e+00
      0.100           11.700       +6.721900e+00
      0.300            0.100       -1.669900e+00
      0.300            1.300       -1.018000e+00
      0.300            2.300       +1.105200e+00
      0.300            2.700       +1.044000e+00
      0.300            4.100       -3.037000e-01
      0.300            5.300       +3.999993e-04
      0.300            6.300       -1.625000e-01
      0.300            7.100       -4.365000e-01
      0.300            7.900       +6.895300e+00
      0.300            9.500       +2.086000e-01
      0.300           10.300       +8.187000e+00
      0.500            0.500       -1.608200e+00
      0.500            0.700       -1.665300e+00
      0.500            2.500       +1.213100e+00
      0.500            3.100       +8.255000e-01
      0.500            3.500       +2.262000e-01
      0.500            5.100       -5.105000e-01
      0.500            6.300       -4.213000e-01
      0.500            7.100       -9.620000e-01
      0.500            8.300       +6.657800e+00
      0.500            8.500       +6.713900e+00
      0.500           11.500       +6.504200e+00
      0.700            2.300       +1.044000e+00
      0.700            3.900       -6.200000e-02
      0.700            4.100       -2.678000e-01
      0.700            5.700       -1.643000e-01
      0.700            6.100       -2.741000e-01
      0.700            6.300       -7.719000e-01
      0.700            8.300       +6.529200e+00
      0.700            9.700       +7.698600e+00
      0.700           11.300       +6.804200e+00
      0.700           11.700       +6.651600e+00
      0.700           11.900       +6.781100e+00
      0.900            0.500       -9.923000e-01
      0.900            3.500       +7.555000e-01
      0.900            7.300       -1.401500e+00
      0.900            7.700       +6.116200e+00
      0.900            8.300       -5.842000e-01
      0.900            8.700       -4.680000e-01
      0.900           10.100       +8.420800e+00
      0.900           10.300       +8.616300e+00
      0.900           10.700       +8.367300e+00
      1.100            0.100       +1.511000e-01
      1.100            1.300       -1.272500e+00
      1.100            2.100       +6.446000e-01
      1.100            3.300       +1.463500e+00
      1.100            4.300       -3.018000e-01
      1.100            7.700       +6.362500e+00
      1.100            8.500       -3.984000e-01
      1.100            8.900       -4.556000e-01
      1.100           11.100       +7.944700e+00
      1.300            0.700       -9.042000e-01
      1.300            3.100       +2.012300e+00
      1.300            3.300       +1.750900e+00
      1.300            6.700       -1.960200e+00
      1.300            8.700       -2.368000e-01
      1.300            8.900       -3.018000e-01
      1.300            9.900       +7.994800e+00
      1.300           10.700       +8.898100e+00
      1.300           11.500       +7.735200e+00
      1.500            0.100       +6.095999e-01
      1.500            0.300       +1.973000e-01
      1.500            1.300       -1.081400e+00
      1.500            2.100       +6.049000e-01
      1.500            2.700       +1.920700e+00
      1.500            4.300       +6.992000e+00
      1.500            6.500       -1.496300e+00
      1.500            7.100       +6.280400e+00
      1.500            8.100       +6.991300e+00
      1.500            8.700       -8.180000e-02
      1.500            9.100       +6.932000e+00
      1.500           10.700       +8.950600e+00
      1.500           10.900       +8.860600e+00
      1.700            0.300       +3.871000e-01
      1.700            2.100       +4.964000e-01
      1.700            2.300       +9.549000e-01
      1.700            3.100       +2.092100e+00
      1.700            7.900       +7.256500e+00
      1.700            8.900       +7.072100e+00
      1.700           10.500       +8.770900e+00
      1.700           11.300       +8.381800e+00
      1.700           11.500       +8.089400e+00
      1.900            0.300       +6.025000e-01
      1.900            1.300       -5.487000e-01
      1.900            1.900       -8.620000e-02
      1.900            3.300       +1.450000e+00
      1.900            3.900       -1.134000e-01
      1.900            4.100       -4.603000e-01
      1.900            5.100       +6.967600e+00
      1.900            6.500       -6.555000e-01
      1.900            7.100       -1.422000e-01
      1.900            9.900       +7.803300e+00
      2.100            2.700       +1.152500e+00
      2.100            3.900       -7.359000e-01
      2.100            4.300       -1.021600e+00
      2.100            5.300       +7.060100e+00
      2.100            6.100       +7.034500e+00
      2.100            7.100       +5.940000e-02
      2.100            7.500       +7.314200e+00
      2.100            8.100       +7.171500e+00
      2.100           11.300       +8.308599e+00
      2.100           11.700       +7.712300e+00
      2.100           11.900       +7.463700e+00
      2.300            0.700       +6.512000e-01
      2.300            1.700       -3.840000e-01
      2.300            2.500       +3.600000e-01
      2.300            3.300       +2.019000e-01
      2.300            4.300       -1.460900e+00
      2.300            4.900       +6.926300e+00
      2.300            6.900       +9.450000e-02
      2.300            7.300       +1.026000e-01
      2.300            7.700       +7.140900e+00
      2.300            8.300       +6.922100e+00
      2.300            8.900       +6.828200e+00
      2.300            9.500       +7.233500e+00
      2.300           10.700       +8.509800e+00
      2.300           11.700       +7.645400e+00
      2.500            0.300       +5.554000e-01
      2.500            4.900       +6.584400e+00
      2.500            5.900       +7.395100e+00
      2.500            6.100       +7.480600e+00
      2.500            7.900       +7.018400e+00
      2.500            9.500       +7.225300e+00
      2.500           10.100       +7.884800e+00
      2.500           10.700       +8.643300e+00
      2.700            0.300       +2.327000e-01
      2.700            1.900       +6.076600e+00
      2.700            2.100       -9.439000e-01
      2.700            2.300       -7.663000e-01
      2.700            3.700       -1.453300e+00
      2.700            5.900       +7.378900e+00
      2.700            6.300       +7.652000e+00
      2.700            7.300       -5.970000e-02
      2.900            0.300       +4.000000e-02
      2.900            1.100       -1.479000e-01
      2.900            1.300       -5.579000e-01
      2.900            2.300       -1.078500e+00
      2.900            2.700       -9.953000e-01
      2.900            3.100       -1.314600e+00
      2.900            3.500       -1.452600e+00
      2.900            4.900       +6.165900e+00
      2.900            5.300       +6.455300e+00
      2.900            5.500       +6.752300e+00
      2.900            6.500       +7.318000e-01
      2.900            6.700       +5.855000e-01
      2.900            6.900       +3.075000e-01
      2.900            7.100       +4.450000e-02
      2.900            9.900       +7.978600e+00
      2.900           10.900       +8.998700e+00
      2.900           11.500       +7.933100e+00
      3.100            0.300       +1.190000e-01
      3.100            2.700       -1.304400e+00
      3.100            4.900       +6.024600e+00
      3.100            5.100       +6.075900e+00
      3.100            5.300       +6.223700e+00
      3.100            7.900       +7.162700e+00
      3.100            8.500       +7.168200e+00
      3.100            9.500       +7.562500e+00
      3.300            1.300       -8.947001e-01
      3.300            1.500       +5.789800e+00
      3.300            1.900       +5.461700e+00
      3.300            3.100       -1.455700e+00
      3.300            3.300       +5.704500e+00
      3.300            4.500       +5.904900e+00
      3.300            5.700       -5.301000e-01
      3.300            6.500       +7.662600e+00
      3.300            7.100       -3.840000e-02
      3.300            7.700       +7.128700e+00
      3.300            8.100       +7.362100e+00
      3.300           10.500       +8.875600e+00
      3.300           10.700       +8.878400e+00
      3.500            0.500       +5.358000e-01
      3.500            1.500       +5.852400e+00
      3.500            4.900       +5.548400e+00
      3.500            5.700       +6.249000e+00
      3.500            6.700       +1.811000e-01
      3.500            6.900       +3.460000e-02
      3.500            8.900       +7.599500e+00
      3.500            9.300       +7.681600e+00
      3.500            9.500       +7.833100e+00
      3.500           10.500       +8.596900e+00
      3.500           10.700       +8.533700e+00
      3.500           11.100       +8.265700e+00
      3.700            1.100       -2.659000e-01
      3.700            2.500       -3.219000e-01
      3.700            3.300       +6.223200e+00
      3.700            5.700       +6.014600e+00
      3.700            7.500       +7.352900e+00
      3.700            8.300       +7.609300e+00
      3.700            9.300       +7.725400e+00
      3.700           11.900       +6.740200e+00
      3.900            0.300       +1.324200e+00
      3.900            0.900       +3.711000e-01
      3.900            1.300       -6.804000e-01
      3.900            3.700       +6.182600e+00
      3.900            3.900       +6.064700e+00
      3.900            6.300       +6.863600e+00
      3.900            8.700       +7.520400e+00
      3.900            8.900       +7.527800e+00
      3.900           10.100       +8.020800e+00
      3.900           11.100       +7.488800e+00
      3.900           11.300       +7.439900e+00
      3.900           11.500       +7.297000e+00
      4.100            0.100       +1.351800e+00
      4.100            0.900       +7.612900e+00
      4.100            1.500       +6.047300e+00
      4.100            1.900       +6.075300e+00
      4.100            6.300       +6.786100e+00
      4.100            6.500       +6.934200e+00
      4.100            8.100       +7.284700e+00
      4.100            8.300       +7.244900e+00
      4.100            8.500       +7.184400e+00
      4.100           10.700       +7.163300e+00
      4.100           11.700       +6.969600e+00
      4.300            0.700       +8.107600e+00
      4.300            1.100       +7.078800e+00
      4.300            2.500       +6.981300e+00
      4.300            2.900       +6.941100e+00
      4.300            3.300       +6.752600e+00
      4.300            4.100       +5.901800e+00
      4.300            4.700       +5.423600e+00
      4.300            5.100       +5.561200e+00
      4.300            8.300       +6.972100e+00
      4.300           11.500       +7.033200e+00
      4.500            1.300       +6.531300e+00
      4.500            5.500       +6.071900e+00
      4.500            6.100       +6.508500e+00
      4.500            7.300       +7.977000e+00
      4.500            8.500       +6.479600e+00
      4.500            9.900       +6.358600e+00
      4.500           11.100       +6.504400e+00
      4.700            0.300       +8.231700e+00
      4.700            0.500       +8.109000e+00
      4.700            0.700       +7.833800e+00
      4.700            1.300       +6.413100e+00
      4.700            1.900       +6.075500e+00
      4.700            2.900       +6.227900e+00
      4.700            3.700       +6.263000e+00
      4.700            4.300       +5.719700e+00
      4.700            4.900       +5.860400e+00
      4.700            5.700       +6.551300e+00
      4.700            8.700       +5.990800e+00
      4.700           10.500       +5.677400e+00
      4.900            0.300       +1.046200e+00
      4.900            3.900       +6.134900e+00
      4.900            4.100       +6.030100e+00
      4.900            4.300       +5.911300e+00
      4.900            6.500       +7.814100e+00
      4.900            7.100       +8.273000e+00
      4.900            7.500       +7.922800e+00
      4.900            7.900       +6.967100e+00
      4.900            8.300       +6.199600e+00
      4.900            9.700       +5.640900e+00
      4.900           10.700       +5.451200e+00
      5.100            1.500       +5.685500e+00
      5.100            1.700       +5.595400e+00
      5.100            1.900       +5.610500e+00
      5.100            2.900       +5.578300e+00
      5.100            3.100       +5.763700e+00
      5.100            4.900       +6.394100e+00
      5.100            5.500       +7.068400e+00
      5.100            5.900       +7.344600e+00
      5.100            6.900       +8.213700e+00
      5.100            7.100       +8.314700e+00
      5.100            7.300       +8.279100e+00
      5.100            7.500       +8.031300e+00
      5.100            9.500       +5.805000e+00
      5.100           10.900       +5.284100e+00
      5.300            0.300       +9.647000e-01
      5.300            2.500       +5.385000e+00
      5.300            2.900       +5.464400e+00
      5.300            3.500       +6.237400e+00
      5.300            5.900       +7.439200e+00
      5.300            6.700       +7.944800e+00
      5.300            8.700       +6.061600e+00
      5.300           10.100       +5.551200e+00
      5.300           10.700       +5.322800e+00
      5.500            2.100       +5.396800e+00
      5.500            3.900       +6.345800e+00
      5.500            5.900       +7.375100e+00
      5.500            8.100       +7.243100e+00
      5.500            8.500       +6.440400e+00
      5.500           10.300       +5.621900e+00
      5.500           11.500       +5.305400e+00
      5.700            0.900       +6.306000e+00
      5.700            1.500       +5.606500e+00
      5.700            4.700       +6.485100e+00
      5.700            7.700       +8.159600e+00
      5.700            7.900       +7.915000e+00
      5.700            9.900       +6.313500e+00
      5.700           10.900       +5.296100e+00
      5.700           11.700       +5.264800e+00
      5.900            0.900       +6.188300e+00
      5.900            1.100       +5.917300e+00
      5.900            1.500       +5.779300e+00
      5.900            2.100       +5.570400e+00
      5.900            3.900       +6.346800e+00
      5.900            4.300       +6.313600e+00
      5.900            4.700       +6.545100e+00
      5.900            6.100       +6.841100e+00
      5.900            6.300       +6.802600e+00
      5.900            7.100       +7.213800e+00
      5.900            9.300       +6.711500e+00
      6.100            1.700       +5.922000e+00
      6.100            2.100       +5.719200e+00
      6.100            2.700       +5.288700e+00
      6.100            3.300       +5.817600e+00
      6.100            3.900       +6.417800e+00
      6.100            4.900       +6.846800e+00
      6.100            5.900       +6.661600e+00
      6.100           10.100       +6.619600e+00
      6.100           10.900       +5.830100e+00
      6.100           11.900       +5.741600e+00
      6.300            0.300       +7.040100e+00
      6.300            1.500       +6.076800e+00
      6.300            2.100       +5.866800e+00
      6.300            3.300       +5.873600e+00
      6.300            3.700       +6.364900e+00
      6.300            4.900       +7.006000e+00
      6.300            6.300       +6.144600e+00
      6.300            8.500       +6.845100e+00
      6.300            9.500       +6.724800e+00
      6.300           11.100       +5.883400e+00
      6.300           11.300       +5.751500e+00
      6.300           11.700       +6.013700e+00
      6.300           11.900       +6.138100e+00
      6.500            0.300       +6.866200e+00
      6.500            0.500       +6.357500e+00
      6.500            0.900       +5.943700e+00
      6.500            1.100       +6.022200e+00
      6.500            2.300       +5.837800e+00
      6.500            2.700       +5.459400e+00
      6.500            2.900       +5.488100e+00
      6.500            3.100       +5.704600e+00
      6.500            3.300       +6.015100e+00
      6.500            5.500       +6.915800e+00
      6.500            5.900       +6.275800e+00
      6.500            6.300       +6.070800e+00
      6.500            7.100       +7.211800e+00
      6.500            8.700       +6.548800e+00
      6.500            9.100       +6.433700e+00
      6.500           11.300       +5.852400e+00
      6.700            2.100       +6.340800e+00
      6.700            2.700       +5.741500e+00
      6.700            3.500       +6.518900e+00
      6.700            3.900       +6.914100e+00
      6.700            4.300       +7.076100e+00
      6.700            5.100       +7.257200e+00
      6.700            5.300       +8.070000e-02
      6.700            5.700       -4.647000e-01
      6.700            6.100       +6.122300e+00
      6.700            6.500       +6.270000e+00
      6.700            7.300       +7.287500e+00
      6.700            9.100       +6.149100e+00
      6.700            9.500       +6.529300e+00
      6.700           10.100       +7.213200e+00
      6.700           10.300       +7.276500e+00
      6.700           10.500       +7.258800e+00
      6.700           10.900       +6.679800e+00
      6.700           11.300       +5.971300e+00
      6.900            0.700       +5.944100e+00
      6.900            1.500       +6.545600e+00
      6.900            2.300       +6.549000e+00
      6.900            2.900       +6.106300e+00
      6.900            3.700       +6.989400e+00
      6.900            4.700       +7.224100e+00
      6.900            6.300       +6.225500e+00
      6.900            7.900       +2.455000e-01
      6.900            9.100       +5.937400e+00
      6.900           11.100       +6.407400e+00
      7.100            0.100       +7.476200e+00
      7.100            0.500       +6.275700e+00
      7.100            2.300       +6.985900e+00
      7.100            3.100       +6.550900e+00
      7.100            3.300       +6.759200e+00
      7.100            4.100       +7.155100e+00
      7.100            5.300       +7.384800e+00
      7.100            6.300       +6.406000e+00
      7.100            6.900       -2.186000e-01
      7.100            7.100       +3.799997e-03
      7.100            8.300       -2.445000e-01
      7.100            9.100       -1.188100e+00
      7.100            9.500       +6.549700e+00
      7.300            0.500       +6.478600e+00
      7.300            0.700       +6.438500e+00
      7.300            2.500       +7.068400e+00
      7.300            2.900       +6.809100e+00
      7.300            4.300       +6.853500e+00
      7.300            5.700       +7.210100e+00
      7.300            6.300       -3.854000e-01
      7.300            8.900       -1.002800e+00
      7.300            9.900       +7.209600e+00
      7.300           11.900       +6.668600e+00
      7.500            0.100       +7.368400e+00
      7.500            0.300       +6.958100e+00
      7.500            1.300       +7.273800e+00
      7.500            2.300       +7.468100e+00
      7.500            2.900       +7.096200e+00
      7.500            4.100       +6.723000e+00
      7.500            5.300       +7.028300e+00
      7.500            6.900       +1.445000e-01
      7.500            8.300       +2.030000e-02
      7.500            9.300       +6.946900e+00
      7.500            9.500       +7.178100e+00
      7.500           11.500       +6.896900e+00
      7.700            0.100       +7.241400e+00
      7.700            0.500       +6.870500e+00
      7.700            1.500       +7.695800e+00
      7.700            2.700       +7.356100e+00
      7.700            3.700       +7.121300e+00
      7.700            4.700       -1.072100e+00
      7.700            5.300       +6.759400e+00
      7.700            6.700       +4.121000e-01
      7.700            6.900       +3.967000e-01
      7.700            7.500       +4.914000e-01
      7.700            7.900       +3.809000e-01
      7.700            8.900       +7.010000e+00
      7.700            9.300       +7.317200e+00
      7.700           10.900       +7.220500e+00
      7.700           11.900       +7.306300e+00
      7.900            0.900       +7.127700e+00
      7.900            1.500       +7.957400e+00
      7.900            2.300       +7.839100e+00
      7.900            3.700       +7.089600e+00
      7.900            5.100       +6.264400e+00
      7.900            5.300       +6.641100e+00
      7.900            5.900       +7.751400e+00
      7.900            6.100       +7.872200e+00
      7.900            8.300       +7.112900e+00
      7.900           11.900       +7.639500e+00
      8.100            0.100       +7.295300e+00
      8.100            1.100       +7.557800e+00
      8.100            1.300       +7.884900e+00
      8.100            1.900       +8.339400e+00
      8.100            2.700       +7.694000e+00
      8.100            3.700       +7.097200e+00
      8.100            5.500       +7.078100e+00
      8.100            7.100       +5.528000e-01
      8.100            9.100       +7.387100e+00
      8.100           11.300       +7.887300e+00
      8.300            4.300       -7.428000e-01
      8.300            4.700       -1.050600e+00
      8.300            5.500       +7.159400e+00
      8.300            6.700       +9.490000e-01
      8.300            7.500       +5.080000e-02
      8.300            8.100       +6.634100e+00
      8.300            8.300       +6.580700e+00
      8.300            9.100       +7.238600e+00
      8.300           10.100       +7.397600e+00
      8.300           10.300       +7.371900e+00
      8.300           10.700       +7.676100e+00
      8.500            3.500       +7.111500e+00
      8.500            5.300       -1.296000e-01
      8.500            5.500       +7.282700e+00
      8.500            5.900       +7.756100e+00
      8.500            8.300       +6.312700e+00
      8.700            6.700       +3.110000e-01
      8.700            9.700       +7.434300e+00
      8.700           11.300       +8.218600e+00
      8.700           11.700       +8.263700e+00
      8.700           11.900       +8.254100e+00
      8.900            0.300       +7.864100e+00
      8.900            0.500       +7.648200e+00
      8.900            3.500       +6.506500e+00
      8.900            3.700       -5.063000e-01
      8.900            4.700       +2.850000e-02
      8.900            4.900       +1.548000e-01
      8.900            5.700       +7.694000e+00
      8.900            7.900       -1.287600e+00
      8.900            8.500       +6.363400e+00
      8.900           10.300       +7.038700e+00
      9.100            0.900       +7.739300e+00
      9.100            1.900       +8.507900e+00
      9.100            2.300       +8.334400e+00
      9.100            2.900       +7.111300e+00
      9.100            3.700       -8.310000e-01
      9.100            4.900       +4.615000e-01
      9.100            5.900       +7.357900e+00
      9.100            6.100       -1.867000e-01
      9.100            7.300       -1.115000e+00
      9.100            7.700       -1.364800e+00
      9.100            8.100       -1.159600e+00
      9.100           11.300       +7.678900e+00
      9.100           11.900       +7.792600e+00
      9.300            1.100       +7.988600e+00
      9.300            1.300       +8.303100e+00
      9.300            1.500       +8.534800e+00
      9.300            2.700       +7.704500e+00
      9.300            5.100       +6.864000e-01
      9.300            6.100       -5.164000e-01
      9.300            6.700       -1.394300e+00
      9.300            7.300       -1.311900e+00
      9.300            8.100       +6.152500e+00
      9.300            9.300       +7.862900e+00
      9.300           10.700       +7.108800e+00
      9.300           10.900       +7.147800e+00
      9.500            0.300       +7.401400e+00
      9.500            0.900       +7.511500e+00
      9.500            1.700       +8.489400e+00
      9.500            1.900       +8.538800e+00
      9.500            2.900       +7.051800e+00
      9.500            3.100       +6.444800e+00
      9.500            3.300       +6.021300e+00
      9.500            6.100       -8.251000e-01
      9.500            7.100       -1.460500e+00
      9.500            7.300       -1.374100e+00
      9.500            9.100       +7.898900e+00
      9.500           11.700       +7.150600e+00
      9.700            2.300       +8.185200e+00
      9.700            3.300       +5.973900e+00
      9.700            3.700       +5.740600e+00
      9.700            3.900       +5.870900e+00
      9.700            4.700       -1.864000e-01
      9.700            5.500       +4.303000e-01
      9.700            7.300       -1.413900e+00
      9.700            7.500       -1.310600e+00
      9.700            8.700       +7.760600e+00
      9.700            9.700       +7.920900e+00
      9.700           11.300       +6.925000e+00
      9.700           11.500       +6.878700e+00
      9.900            0.100       +7.081500e+00
      9.900            0.300       +7.057700e+00
      9.900            1.500       +7.620400e+00
      9.900            1.700       +7.705700e+00
      9.900            2.100       +7.949900e+00
      9.900            2.500       +7.772700e+00
      9.900            5.100       +5.250000e-02
      9.900            6.100       -1.090900e+00
      9.900            6.300       -1.576200e+00
      9.900            8.700       +7.744200e+00
      9.900            9.500       +7.839000e+00
      9.900           10.700       +7.087100e+00
      9.900           11.300       +6.792100e+00
      9.900           11.500       +6.745700e+00
      9.900           11.900       +6.881100e+00
     10.100            0.300       +6.922800e+00
     10.100            1.300       +6.966200e+00
     10.100            1.900       +7.250700e+00
     10.100            2.500       +7.528500e+00
     10.100            4.100       +6.215700e+00
     10.100            6.700       -1.528500e+00
     10.100            7.300       -1.270900e+00
     10.100            8.500       +3.863000e-01
     10.100            8.700       +5.354000e-01
     10.100            8.900       +7.734900e+00
     10.100            9.500       +7.637500e+00
     10.100           11.300       +6.755300e+00
     10.300            0.100       +6.686800e+00
     10.300            0.300       +6.816700e+00
     10.300            0.700       +7.078900e+00
     10.300            1.300       +6.622500e+00
     10.300            2.500       +7.293300e+00
     10.300            3.500       +5.896900e+00
     10.300            5.700       -4.000000e-02
     10.300            8.500       +2.935000e-01
     10.300            9.300       +3.382000e-01
     10.300           11.900       +6.853900e+00
     10.500            0.700       +7.155900e+00
     10.500            0.900       +7.131200e+00
     10.500            3.900       +6.480100e+00
     10.500            4.900       -3.000000e-02
     10.500            5.100       +4.990000e-02
     10.500            6.100       -7.232000e-01
     10.500            6.300       -9.465000e-01
     10.500            6.900       -1.037300e+00
     10.500            7.100       -1.147300e+00
     10.500            9.900       +6.701200e+00
     10.700            0.300       +6.974400e+00
     10.700            1.700       +5.727400e+00
     10.700            3.900       +6.678400e+00
     10.700            4.100       +6.824500e+00
     10.700            5.300       +2.114000e-01
     10.700            5.700       -9.300001e-03
     10.700            9.900       +6.341400e+00
     10.700           10.500       +6.316500e+00
     10.700           11.500       +6.824400e+00
     10.700           11.700       +6.754000e+00
     10.900            1.300       +6.315500e+00
     10.900            3.300       +6.506900e+00
     10.900            4.100       -1.917000e-01
     10.900           10.300       -8.558000e-01
     10.900           10.500       -7.893000e-01
     11.100            1.100       +7.167500e+00
     11.100            2.700       +7.001500e+00
     11.100            4.100       -1.582000e-01
     11.100            4.300       -8.760000e-02
     11.100            5.700       +3.076000e-01
     11.100            7.100       -1.361800e+00
     11.100            7.300       -1.606400e+00
     11.100            7.900       -1.546300e+00
     11.100            8.500       -5.406000e-01
     11.300            0.100       +8.863300e+00
     11.300            0.300       +8.868000e+00
     11.300            4.900       +2.763000e-01
     11.300            6.700       -5.612000e-01
     11.300            7.100       -1.379100e+00
     11.300            7.300       -1.664100e+00
     11.300            7.500       -1.835300e+00
     11.300           10.300       -4.837000e-01
     11.300           11.700       +6.490900e+00
     11.500            3.100       +5.230000e-01
     11.500            3.500       +6.890000e-02
     11.500            4.100       -7.480000e-02
     11.500            4.300       -2.880000e-02
     11.500            5.700       +7.145000e-01
     11.500            7.100       -1.315200e+00
     11.500            7.700       -1.870600e+00
     11.500            8.700       -4.015000e-01
     11.500            9.100       -3.367000e-01
     11.500           10.100       -4.062000e-01
     11.500           11.300       -2.355000e-01
     11.700            0.100       +9.890900e+00
     11.700            0.500       +9.389700e+00
     11.700            1.700       +7.256800e+00
     11.700            2.300       +7.386300e+00
     11.700            2.700       +8.082600e+00
     11.700            3.700       +2.220000e-02
     11.700            5.100       +5.452999e-01
     11.700            7.100       -1.188500e+00
     11.700            9.900       -3.393000e-01
     11.700           10.700       +1.462000e-01
     11.900            0.300       +9.600400e+00
     11.900            0.900       +8.655400e+00
     11.900            1.700       +7.621400e+00
     11.900            1.900       +7.574600e+00
     11.900            2.500       +8.143100e+00
     11.900            3.500       +5.130000e-01
     11.900            4.500       +2.009000e-01
     11.900            4.900       +3.622000e-01
     11.900            5.300       +3.343000e-01
     11.900            6.500       +2.025000e-01
     11.900            9.300       -6.144000e-01
     11.900           10.500       +3.103000e-01
     11.900           11.700       -5.625000e-01
