krig
0.199499
0.321018
0.382521
0.409438
0.423809
0.419415
0.428461
0.434601
0.437352
0.445963
0.466672
0.490062
0.518053
0.552391
0.592747
0.639295
0.691112
0.746171
0.799635
0.845013
0.881112
0.886343
0.821327
0.706281
0.558727
0.400348
0.269611
0.177449
0.120977
0.0877802
0.0691092
0.0613238
0.0645337
0.0760789
0.106243
0.176916
0.21674
0.205005
0.235987
0.258786
0.275795
0.283471
0.294348
0.309749
0.347296
0.356275
0.34508
0.35823
0.366292
0.381046
0.424056
0.435819
0.37355
0.364811
0.349798
0.364574
0.422119
0.428747
0.438904
0.453346
0.472968
0.498853
0.531879
0.57277
0.622673
0.679372
0.742209
0.792157
0.869182
0.901032
0.914927
0.921198
0.854993
0.727755
0.558531
0.377763
0.232542
0.138618
0.087645
0.0596059
0.0440879
0.0375544
0.0371306
0.0547272
0.0880314
0.166713
0.163525
0.204361
0.237051
0.261682
0.266676
0.27922
0.295306
0.334015
0.347059
0.359385
0.367609
0.376903
0.372079
0.379579
0.362527
0.362281
0.357656
0.336204
0.346744
0.351287
0.357992
0.415927
0.424799
0.438092
0.456911
0.482163
0.515217
0.556987
0.608908
0.669261
0.720403
0.79591
0.870041
0.930627
0.949665
0.952426
0.891941
0.751989
0.556336
0.353507
0.188111
0.0959935
0.0548345
0.0333505
0.0212704
0.0153459
0.015161
0.0334236
0.108959
0.157368
0.160126
0.206409
0.241945
0.266796
0.270705
0.281826
0.322193
0.335525
0.348098
0.360231
0.371467
0.380118
0.390428
0.39594
0.35259
0.349037
0.33018
0.333133
0.333803
0.320589
0.326124
0.352736
0.409648
0.421489
0.438962
0.463291
0.495897
0.538019
0.590684
0.654891
0.728929
0.795188
0.880858
0.95732
0.97866
0.985963
0.930622
0.779386
0.550498
0.318077
0.135466
0.0513822
0.0252042
0.0107524
0.00206308
0
0
0.0123787
0.0934856
0.102027
0.159278
0.21072
0.248382
0.25577
0.270011
0.311826
0.325073
0.337323
0.349402
0.361329
0.329517
0.381494
0.39178
0.401587
0.34125
0.322895
0.326774
0.320874
0.320232
0.322717
0.310432
0.318098
0.377319
0.403508
0.419292
0.442247
0.473796
0.515644
0.569108
0.615546
0.714427
0.788877
0.8866
0.973167
0.992982
0.996491
0.970038
0.810562
0.537152
0.27504
0.0771316
0.0110104
0.00248295
0
0
0
0
0.0587447
0.0780661
0.094711
0.158905
0.218928
0.237401
0.259716
0.30399
0.317105
0.328212
0.339362
0.350927
0.31931
0.331199
0.475595
0.343026
0.351937
0.318444
0.312453
0.315048
0.293434
0.306738
0.290737
0.29409
0.30044
0.310547
0.367112
0.379817
0.418881
0.448953
0.489694
0.543089
0.590282
0.674573
0.774693
0.885171
0.987625
0.998245
0.999123
0.998184
0.846747
0.507125
0.222746
0.0392307
0
0
0
0
0
0.00319905
0.0134924
0.0216015
0.0868474
0.165925
0.234541
0.247784
0.272748
0.313562
0.322759
0.331556
0.341536
0.314209
0.321449
0.468272
0.470779
0.493713
0.503458
0.308127
0.308286
0.288843
0.280178
0.277056
0.27617
0.276731
0.282072
0.29057
0.346684
0.356796
0.374375
0.401379
0.460243
0.512405
0.559001
0.645292
0.751068
0.873773
0.994396
0.999561
0.999781
0.99989
0.893187
0.439329
0.157212
0.0243617
0
0
0
0
0
0
0
0.00618389
0.0838035
0.178331
0.228467
0.269453
0.316087
0.324095
0.328649
0.334865
0.307798
0.312917
0.459125
0.463496
0.477879
0.489604
0.499255
0.305965
0.296168
0.276421
0.270266
0.266155
0.264228
0.264839
0.262395
0.269821
0.280666
0.332332
0.34682
0.370814
0.4065
0.456192
0.521418
0.607513
0.71634
0.847959
0.990232
0.999945
0.999973
0.922589
0.945975
0.289846
0.0801576
0.010536
0
0
0.0014299
0
0
0
0
0
0.0830024
0.1717
0.253781
0.322409
0.335952
0.335299
0.337229
0.305813
0.306797
0.447918
0.454404
0.471221
0.485983
0.374708
0.380272
0.294464
0.272008
0.26355
0.256127
0.250667
0.247318
0.246389
0.24822
0.247552
0.257039
0.306604
0.317471
0.337808
0.369853
0.415896
0.478733
0.560829
0.66867
0.80299
0.96039
0.999986
0.992082
0.680858
0.845027
0.00940144
0.0145488
0.000165682
0
0.00146237
0.0150039
0.0089261
0
0
0
0
0.0846234
0.197677
0.316551
0.35838
0.358351
0.349292
0.312341
0.305305
0.434761
0.443162
0.462562
0.37011
0.369671
0.375058
0.380195
0.283639
0.26028
0.250517
0.24178
0.234936
0.230136
0.227636
0.227691
0.230648
0.231831
0.243273
0.286581
0.302658
0.3303
0.371556
0.429036
0.506391
0.607911
0.736852
0.881089
0.988757
0.903694
0.265429
0.298272
0
0
0
0
0.0141628
0.0389287
0.0434537
0.00840221
0
0
0
0.0723636
0.256017
0.37444
0.403109
0.384901
0.335656
0.312947
0.420534
0.429651
0.451257
0.366123
0.365411
0.370635
0.375461
0.380116
0.261726
0.248484
0.23737
0.22728
0.219028
0.21277
0.208701
0.206971
0.207793
0.211603
0.218187
0.231775
0.265761
0.288386
0.32388
0.374287
0.443449
0.536009
0.652077
0.77733
0.89278
0.915574
0.0763249
0.0386963
0
0
0
0
0.0307198
0.0750723
0.0894761
0.0753639
0.0245765
0
0
0.0866573
0.321094
0.449414
0.456068
0.392006
0.339762
0.408834
0.414138
0.436555
0.362481
0.361945
0.367196
0.371724
0.375896
0.380011
0.250674
0.236668
0.22416
0.225745
0.217014
0.195314
0.189714
0.186239
0.184938
0.186061
0.190325
0.198797
0.227607
0.244834
0.273884
0.315764
0.374004
0.45407
0.555063
0.653726
0.718595
0.733648
0.0835931
0
0
0
0
0
0.0537601
0.121543
0.17837
0.188794
0.146396
0
0
0.0983997
0.421439
0.549255
0.504412
0.408773
0.410601
0.399175
0.417943
0.358365
0.35891
0.364766
0.369252
0.372927
0.376337
0.380267
0.240161
0.224887
0.222612
0.210767
0.200632
0.192405
0.186057
0.181387
0.162349
0.160809
0.161573
0.166062
0.176439
0.200539
0.2229
0.255219
0.300456
0.36564
0.452117
0.524568
0.497543
0.1113
0.0114643
0
0
0
0
0.00424256
0.0908977
0.179773
0.268796
0.333193
0.330279
0.0708167
0
0.130569
0.570758
0.663718
0.56117
0.462236
0.394352
0.395678
0.346136
0.35571
0.370108
0.37539
0.378744
0.381176
0.378279
0.379198
0.229796
0.223714
0.209048
0.195739
0.184214
0.174671
0.166996
0.160809
0.155628
0.151107
0.147439
0.133435
0.139018
0.168086
0.185891
0.207791
0.237794
0.274044
0.3507
0.411748
0.330641
0.0195637
0
0
0.0137775
0.0171051
0.0353247
0.05006
0.137169
0.23995
0.358893
0.480913
0.575928
0.179897
0.0526126
0.304199
0.778832
0.789935
0.629817
0.439845
0.379059
0.344639
0.353663
0.366824
0.375077
0.379295
0.381243
0.384668
0.383807
0.348909
0.215346
0.211723
0.19552
0.180712
0.167816
0.157056
0.148228
0.14076
0.133897
0.12694
0.119608
0.113086
0.112217
0.121368
0.136703
0.147753
0.162337
0.192016
0.268017
0.350658
0.266731
0.0350427
0
0.00369119
0.0409284
0.0598386
0.0967991
0.14631
0.187055
0.302803
0.446842
0.612822
0.802655
0.671888
0.289943
0.48855
0.972399
0.894611
0.64976
0.389591
0.314941
0.33369
0.358132
0.373957
0.381523
0.390137
0.358921
0.354785
0.353218
0.354836
0.214702
0.189277
0.169793
0.152212
0.136752
0.123805
0.129881
0.121437
0.113269
0.104318
0.0937344
0.0818302
0.0747326
0.0815716
0.0915653
0.0865934
0.0870936
0.100225
0.178626
0.326096
0.257748
0.0467582
0
0.0151232
0.0854141
0.113247
0.162522
0.219704
0.307032
0.256721
0.43806
0.638649
0.88012
0.852589
0.533379
0.547165
0.825392
0.94357
0.626751
0.282729
0.28518
0.334499
0.356614
0.371979
0.385672
0.363973
0.358591
0.353931
0.357218
0.336397
0.205067
0.178352
0.157233
0.138036
0.121209
0.107266
0.0960064
0.0871226
0.0784581
0.0693433
0.0586199
0.0455047
0.0344199
0.0467995
0.0485293
0.0457193
0.0312683
0.0183494
0.0864043
0.358258
0.302446
0.0621169
0.0180085
0.0405794
0.0428628
0.0922907
0.0963402
0.124225
0.188033
0.305371
0.463118
0.673035
0.892956
0.918386
0.71422
0.493117
0.600014
0.8586
0.513963
0.16038
0.267034
0.338432
0.363793
0.372898
0.369734
0.372401
0.376993
0.372186
0.333803
0.332449
0.187195
0.164389
0.145033
0.124139
0.106401
0.0916225
0.0799719
0.0703783
0.0614824
0.0518773
0.0401382
0.0247336
0.00457141
0.0170071
0.0214978
0.0134938
0
0
0.0587477
0.484933
0.386589
0.0617401
0.0811995
0.0925467
0.0890725
0.0642163
0.0773108
0.165518
0.196137
0.329874
0.477408
0.674164
0.879753
0.959501
0.869147
0.390281
0.373218
0.675323
0.417766
0.139472
0.295316
0.362127
0.399786
0.400953
0.390795
0.376855
0.378489
0.335535
0.329768
0.327865
0.179309
0.154856
0.133691
0.11097
0.0913936
0.0759726
0.0643079
0.054995
0.0464489
0.0371613
0.0257264
0.0111056
0
0.00235311
0.00445699
0
0
0
0.042743
0.698949
0.51647
0.0378701
0.207385
0.210346
0.20342
0.208646
0.201114
0.184919
0.248307
0.334717
0.437051
0.636954
0.836931
0.978513
0.9888
0.421286
0.270654
0.566945
0.489978
0.314481
0.364777
0.420535
0.431897
0.421536
0.401569
0.393329
0.344222
0.331701
0.324799
0.533224
0.171656
0.146026
0.119922
0.0967676
0.0756269
0.0596914
0.0550783
0.0466055
0.0386307
0.0296949
0.0187242
0.00344654
0
0
0
0
0
0
0
0.689315
0.640113
0.370213
0.416924
0.319808
0.274073
0.304822
0.247683
0.254533
0.225015
0.256126
0.40642
0.596067
0.785588
0.943149
0.925076
0.480506
0.278606
0.545423
0.654298
0.521381
0.484574
0.48212
0.470796
0.443852
0.422147
0.364182
0.352607
0.528181
0.534676
0.541057
0.164965
0.138067
0.109207
0.0842358
0.0614137
0.045271
0.0348106
0.0256552
0.0198793
0.0141309
0.00732401
0.000141509
0
0
0
0
0
0
0.0414025
0.515795
0.699289
0.904288
0.552683
0.388514
0.325822
0.309155
0.317111
0.319634
0.273262
0.264306
0.366988
0.54798
0.713217
0.827884
0.753088
0.422734
0.254802
0.551833
0.853654
0.707604
0.587765
0.548402
0.513263
0.469002
0.411936
0.373734
0.347089
0.552661
0.53746
0.54414
0.159561
0.13089
0.103346
0.0709748
0.047805
0.0318885
0.0214024
0.0158143
0.0119047
0.00853537
0.00459531
0.000305262
0.00149625
0.00476669
0.00895382
0.00871407
0.0145308
0.0337951
0.140536
0.457469
0.677351
0.82251
0.585336
0.426559
0.377703
0.38392
0.353569
0.316351
0.24652
0.224686
0.309233
0.489108
0.639232
0.699857
0.576463
0.31099
0.165698
0.489748
0.984551
0.797143
0.664304
0.610351
0.55369
0.491967
0.417348
0.363727
0.543436
0.548756
0.555751
0.556947
0.141717
0.12537
0.0925079
0.060883
0.0334056
0.0183058
0.0113879
0.0075617
0.00586035
0.00550199
0.00513771
0.00410954
0.0085788
0.0163655
0.0248486
0.0405185
0.0572769
0.0977106
0.210564
0.432898
0.597584
0.627496
0.516663
0.471036
0.473615
0.447896
0.40775
0.34304
0.27512
0.184983
0.267318
0.47911
0.593723
0.585481
0.42319
0.191241
0.042706
0.25955
0.821294
0.761414
0.707438
0.666619
0.592693
0.485641
0.39963
0.541578
0.541626
0.547632
0.556964
0.597174
0.141219
0.120922
0.087655
0.0526152
0.0214546
0.00840269
0.00407157
0.00184541
0.00215185
0.00510998
0.00872852
0.0126473
0.0202031
0.0356759
0.0497154
0.0710757
0.0999086
0.155203
0.264282
0.430718
0.517896
0.440656
0.392844
0.485653
0.53912
0.530359
0.489817
0.414484
0.341355
0.142804
0.205708
0.440535
0.543569
0.500473
0.300373
0.0686727
0
0.139376
0.524484
0.650409
0.729921
0.716985
0.608572
0.59956
0.556563
0.549213
0.561224
0.581519
0.593946
0.585723
0.142599
0.110869
0.0845442
0.0473688
0.0101506
0.0016107
0
0
0.000805478
0.00732751
0.0149959
0.0256341
0.0383307
0.0548448
0.074275
0.105134
0.159035
0.222683
0.321408
0.435752
0.473015
0.293608
0.286647
0.521506
0.611055
0.645004
0.606892
0.53674
0.393408
0.144973
0.215915
0.448471
0.532362
0.443703
0.225022
0
0
0.0750501
0.255608
0.527736
0.753407
0.770755
0.626485
0.596045
0.550566
0.53648
0.546246
0.560037
0.573266
0.585148
0.144298
0.113974
0.0830277
0.0471172
0.00768637
0.00103531
0
0
0.00126586
0.0128833
0.0260298
0.0400052
0.0567284
0.0884962
0.121077
0.156462
0.203505
0.272007
0.363809
0.453036
0.486645
0.320807
0.352253
0.616678
0.721161
0.71468
0.678343
0.636652
0.532485
0.327085
0.36876
0.539837
0.56849
0.447814
0.222199
0.0184555
0
0.0388683
0.0454073
0.457203
0.803393
0.839205
0.69147
0.566966
0.525124
0.514492
0.540441
0.56081
0.578151
0.605745
0.147263
0.117726
0.0853983
0.0516485
0.0195044
0.00706803
0.00200944
0
0.00457455
0.0209736
0.0380055
0.0561809
0.0906916
0.118332
0.151624
0.192864
0.246762
0.312459
0.401353
0.494495
0.561723
0.604368
0.689192
0.731564
0.799537
0.756116
0.722674
0.752334
0.710043
0.576099
0.595373
0.677037
0.627333
0.464222
0.249697
0.0536363
0.0146622
0.0183891
0.0814209
0.496378
0.896512
0.938611
0.65357
0.507523
0.489276
0.506796
0.53129
0.563635
0.581095
0.592803
0.151451
0.123126
0.092711
0.0617105
0.0331392
0.0182915
0.0101169
0.00220897
0.0108734
0.031903
0.0613849
0.0860655
0.113408
0.145095
0.178418
0.22378
0.28172
0.356096
0.445218
0.544096
0.650075
0.827455
0.921435
0.825937
0.896549
0.785098
0.794783
0.835337
0.882183
0.806018
0.808747
0.841632
0.736698
0.516782
0.302213
0.127731
0.052581
0.0892234
0.213659
0.587324
0.997301
0.997797
0.528295
0.431397
0.456821
0.500363
0.544833
0.575185
0.59531
0.607281
0.15677
0.129989
0.101632
0.0732224
0.0498326
0.0315861
0.0221072
0.0146852
0.0235473
0.0531888
0.0793158
0.106715
0.134122
0.168295
0.208824
0.258261
0.319882
0.396554
0.486992
0.592443
0.720261
0.890314
0.960707
0.856616
0.932182
0.74666
0.832149
0.907082
0.999993
0.950147
0.987663
0.980608
0.815987
0.6085
0.383609
0.181856
0.0885175
0.153032
0.339129
0.65522
0.999997
0.732702
0.342923
0.393907
0.498178
0.584294
0.64694
0.687379
0.710511
0.721635
0.163095
0.138086
0.111932
0.0862633
0.0645623
0.0501845
0.0376054
0.0362293
0.0463211
0.0688879
0.0970691
0.125765
0.157813
0.194725
0.238311
0.290887
0.355161
0.433408
0.521816
0.619546
0.762859
0.905868
0.960163
0.863975
0.324578
0.714251
0.869772
0.944283
0.999998
0.99419
0.999999
1
0.914487
0.674979
0.454054
0.243821
0.160388
0.275744
0.446888
0.651274
0.98099
0.399934
0.134295
0.311874
0.462556
0.57574
0.649895
0.694397
0.718573
0.729421
0.16808
0.147185
0.123297
0.100114
0.0805733
0.0666489
0.0594579
0.0579251
0.0647243
0.0842698
0.108525
0.135984
0.167211
0.203497
0.246583
0.298668
0.362208
0.448251
0.527997
0.660209
0.790779
0.926612
0.947095
0.910784
0.914986
0.822958
0.913017
0.974088
0.994261
0.961321
0.967065
1
0.975745
0.751468
0.501755
0.283754
0.161084
0.334056
0.581208
0.596448
0.627175
0.218813
0.0526959
0.259269
0.449783
0.581654
0.662031
0.707206
0.730169
0.73937
0.175502
0.157068
0.135409
0.11453
0.0972833
0.0846499
0.0780362
0.080794
0.0913505
0.111108
0.136623
0.166294
0.18916
0.227019
0.271788
0.325355
0.39434
0.465495
0.556092
0.625191
0.786858
0.899673
0.949676
0.952121
1
0.939865
0.968822
0.992943
0.957038
0.861455
0.884493
1
0.984798
0.797176
0.675976
0.377676
0.157446
0.360781
0.707641
0.476343
0.29678
0.0825123
0.0255418
0.229127
0.465075
0.605349
0.684515
0.725958
0.745209
0.751347
0.185172
0.164586
0.148043
0.129305
0.114066
0.103057
0.096283
0.103038
0.113983
0.133144
0.15843
0.188549
0.223479
0.263993
0.311326
0.355978
0.417412
0.424017
0.51336
0.640928
0.818596
0.901167
0.953623
1
1
0.990547
1
1
0.917361
0.726977
0.737998
0.971893
0.992224
0.868798
0.696056
0.457121
0.0891195
0.331385
0.853037
0.387866
0.0886597
0
0.0230058
0.266267
0.486915
0.640375
0.717103
0.750172
0.763275
0.765037
0.197991
0.177094
0.156199
0.144276
0.130949
0.121567
0.121348
0.124976
0.136342
0.155204
0.180275
0.210608
0.246115
0.287381
0.324785
0.376568
0.378704
0.4492
0.562704
0.772923
0.869155
0.902117
0.955315
1
1
1
1
1
0.912315
0.570754
0.570352
0.930726
1
0.898075
0.742674
0.532133
0.162442
0.272959
0.594729
0.507466
0.235048
0
0.0379987
0.34554
0.575954
0.680334
0.723173
0.769723
0.779027
0.779962
0.207486
0.199998
0.168783
0.159307
0.147779
0.140355
0.141708
0.146449
0.158242
0.176976
0.20186
0.232236
0.268014
0.301616
0.297323
0.342119
0.432483
0.500426
0.660004
0.775623
0.868235
0.902136
1
1
1
1
1
1
0.967495
0.487939
0.453421
0.963507
1
0.931234
0.809933
0.67628
0.614265
0.497918
0.668204
0.795457
0.813771
0.0833823
0.0770474
0.478405
0.696337
0.759361
0.776827
0.775836
0.766357
0.786255
0.216973
0.203779
0.189908
0.167555
0.16443
0.158503
0.161636
0.167342
0.179551
0.198247
0.222958
0.253244
0.281813
0.277316
0.314045
0.393326
0.507317
0.576255
0.659621
0.776294
0.865594
0.977699
1
1
1
1
1
1
1
0.676124
0.693875
1
1
0.971184
0.893103
0.828704
0.941751
0.857618
1
1
0.99431
0.32948
0.199158
0.676114
0.835284
0.840396
0.83073
0.813583
0.793979
0.774224
0.220728
0.212016
0.203353
0.192024
0.168278
0.176245
0.181018
0.187572
0.200171
0.21887
0.237794
0.267114
0.262472
0.292719
0.361958
0.457539
0.523239
0.597914
0.670046
0.787364
0.857065
0.965311
0.998209
1
1
1
1
1
1
0.960228
1
1
1
1
0.967782
0.94386
1
1
1
1
1
0.620155
0.525712
0.889683
0.952933
0.91209
0.880559
0.848645
0.81979
0.794024
0.215974
0.216604
0.22744
0.206865
0.200294
0.17872
0.200349
0.207081
0.220033
0.233902
0.228112
0.252322
0.281819
0.336998
0.416005
0.480209
0.538256
0.609293
0.678067
0.790022
0.855084
0.961818
0.980173
1
1
1
1
1
1
1
1
1
1
1
1
1
1
1
1
1
1
0.875429
0.838273
0.97755
1
0.966378
0.92268
0.878927
0.842711
0.811975
0.222999
0.227529
0.230208
0.221874
0.21648
0.215265
0.201657
0.20465
0.234902
0.227425
0.246647
0.270859
0.317894
0.393691
0.442895
0.495087
0.557399
0.618914
0.68413
0.790983
0.827199
0.94298
0.976053
1
1
1
1
1
1
1
1
1
1
1
1
1
1
1
1
1
1
1
1
1
1
1
0.953609
0.90285
0.861979
0.827631
0.23123
0.216766
0.232265
0.236073
0.231776
0.231739
0.234574
0.232511
0.232423
0.245226
0.264478
0.303941
0.370074
0.412092
0.457803
0.513716
0.568103
0.626811
0.688588
0.765695
0.823445
0.939117
0.971564
0.997963
1
1
1
1
1
1
1
1
1
1
1
1
1
1
1
1
1
1
1
1
1
1
0.969989
0.919873
0.877268
0.840745
0.239433
0.22589
0.244423
0.23817
0.245993
0.246443
0.252479
0.270175
0.281815
0.275763
0.294939
0.351977
0.387559
0.426972
0.471192
0.524841
0.576996
0.633229
0.708093
0.764512
0.898673
0.934721
0.966628
0.980648
1
1
1
1
1
1
1
1
1
1
1
1
1
1
1
1
1
1
1
1
1
1
0.974818
0.931259
0.888707
0.851265
0.248122
0.23566
0.250973
0.251326
0.266301
0.262007
0.26749
0.286474
0.299298
0.315415
0.339047
0.368564
0.402228
0.440518
0.487531
0.53456
0.584875
0.638372
0.709115
0.762536
0.895218
0.929808
0.961168
0.977193
1
1
1
1
1
1
1
1
1
1
1
1
1
1
1
1
1
1
1
1
1
1
0.976362
0.936857
0.897036
0.859303
0.255846
0.244541
0.233748
0.257251
0.262078
0.264682
0.282514
0.307861
0.317775
0.334913
0.3548
0.383087
0.41583
0.452931
0.498049
0.543212
0.59157
0.65857
0.709278
0.759908
0.891115
0.911087
0.947793
0.970694
0.984519
1
1
1
1
1
1
1
1
1
1
1
1
1
1
1
1
1
1
1
1
1
0.976589
0.939405
0.901221
0.865286
0.261664
0.251217
0.242778
0.269671
0.268343
0.300612
0.284471
0.306992
0.339244
0.349775
0.369227
0.396622
0.428401
0.464168
0.507498
0.550789
0.613404
0.660558
0.708718
0.756697
0.873021
0.918217
0.940341
0.964996
0.975918
1
1
1
1
1
1
1
1
1
1
1
1
1
1
1
1
1
1
1
1
1
0.975305
0.939716
0.903127
0.868056
0.269828
0.260126
0.25153
0.278103
0.279748
0.282681
0.320201
0.310016
0.355021
0.368393
0.387
0.409196
0.439985
0.477577
0.515834
0.557389
0.616924
0.661808
0.707544
0.836117
0.867085
0.91034
0.93403
0.958418
0.96874
1
1
1
1
1
1
1
1
1
1
1
1
1
1
1
1
1
1
1
1
1
0.97248
0.938244
0.903156
0.869135
0.277833
0.26882
0.260869
0.254272
0.290648
0.295392
0.304716
0.346196
0.336037
0.388455
0.404641
0.428042
0.453154
0.486588
0.523381
0.575938
0.619717
0.662415
0.705748
0.831238
0.881124
0.903798
0.92711
0.933097
0.974263
1
1
1
1
1
1
1
1
1
1
1
1
1
1
1
1
1
1
1
1
1
0.968225
0.935275
0.901621
0.868747
0.285665
0.277288
0.269928
0.263845
0.302014
0.307019
0.314685
0.327422
0.385089
0.400625
0.426448
0.452085
0.474184
0.507343
0.541905
0.581763
0.621776
0.662366
0.704586
0.844772
0.874601
0.896824
0.916717
0.938572
0.966329
0.994327
1
1
1
1
1
1
1
1
1
1
1
1
1
1
1
1
1
1
1
1
0.964208
0.931026
0.898766
0.86709
0.293312
0.285522
0.278704
0.273089
0.268889
0.317453
0.325713
0.335634
0.353359
0.360241
0.435761
0.463652
0.487707
0.517634
0.550904
0.585159
0.623449
0.661913
0.702096
0.846661
0.867765
0.889463
0.908617
0.930695
0.957675
0.984491
1
1
1
1
1
1
1
1
1
1
1
1
1
1
1
1
1
1
1
1
0.957984
0.925676
0.89479
0.86434
0.300766
0.293518
0.287198
0.282009
0.27814
0.275744
0.335352
0.346563
0.358996
0.390262
0.417787
0.43771
0.505685
0.528092
0.549603
0.58177
0.623326
0.662194
0.684918
0.840087
0.86065
0.878865
0.897117
0.922536
0.948423
0.981763
0.999923
1
1
1
1
1
1
1
1
1
1
1
1
1
1
1
1
1
1
0.99343
0.961976
0.919836
0.88986
0.860647
0.334004
0.326434
0.319406
0.313123
0.307791
0.30361
0.361757
0.369581
0.381261
0.393772
0.415175
0.462973
0.469497
0.516309
0.570194
0.582221
0.613598
0.645663
0.796961
0.833308
0.850577
0.870766
0.889229
0.913913
0.938687
0.973527
0.988501
1
1
1
1
1
1
1
1
1
1
1
1
1
1
1
1
1
1
0.985268
0.955059
0.92388
0.88316
0.856145
