krig 
0.129829 
0.190039 
0.215279 
0.222984 
0.221106 
0.212354 
0.205406 
0.201828 
0.203945 
0.214624 
0.22963 
0.249576 
0.281274 
0.322691 
0.371253 
0.423739 
0.476108 
0.52374 
0.562406 
0.589639 
0.605476 
0.612016 
0.612298 
0.606289 
0.601422 
0.598816 
0.598695 
0.600895 
0.605035 
0.610637 
0.61479 
0.619742 
0.62627 
0.633981 
0.642773 
0.652653 
0.663639 
0.675677 
0.688644 
0.702385 
0.716787 
0.73181 
0.747421 
0.763249 
0.777818 
0.787649 
0.788081 
0.766194 
0.737761 
0.710011 
0.686622 
0.668979 
0.657166 
0.650482 
0.647651 
0.646929 
0.64625 
0.643533 
0.637179 
0.626376 
0.25253 
0.242067 
0.231134 
0.219902 
0.208664 
0.197937 
0.188654 
0.182467 
0.182139 
0.191532 
0.214221 
0.251107 
0.300169 
0.358306 
0.422179 
0.487557 
0.548574 
0.598261 
0.631164 
0.646423 
0.647955 
0.641633 
0.632547 
0.624035 
0.617872 
0.614767 
0.614765 
0.617519 
0.622462 
0.628952 
0.636431 
0.644531 
0.653193 
0.6626 
0.673038 
0.684724 
0.697683 
0.711746 
0.726626 
0.742069 
0.757996 
0.774624 
0.790213 
0.800648 
0.814585 
0.825913 
0.826285 
0.797578 
0.762216 
0.729568 
0.70333 
0.68449 
0.672786 
0.667252 
0.666354 
0.668004 
0.669648 
0.66862 
0.662812 
0.651332 
0.245142 
0.233598 
0.221428 
0.208754 
0.195794 
0.182959 
0.171054 
0.161691 
0.157981 
0.165091 
0.188516 
0.229504 
0.284752 
0.350431 
0.423243 
0.498925 
0.570539 
0.628604 
0.665047 
0.678774 
0.675992 
0.665037 
0.652289 
0.641395 
0.634006 
0.630588 
0.630951 
0.634531 
0.64055 
0.648155 
0.6566 
0.665437 
0.674616 
0.684453 
0.695397 
0.70778 
0.72164 
0.736711 
0.752569 
0.768824 
0.785336 
0.802446 
0.821078 
0.834222 
0.849398 
0.86446 
0.865762 
0.828114 
0.784472 
0.746824 
0.718033 
0.698393 
0.687245 
0.683375 
0.685027 
0.689781 
0.694518 
0.695795 
0.690813 
0.678498 
0.23752 
0.224877 
0.211461 
0.197344 
0.182656 
0.167665 
0.152965 
0.139924 
0.131717 
0.135046 
0.158791 
0.2046 
0.266557 
0.339998 
0.422235 
0.509539 
0.594061 
0.662771 
0.703149 
0.713751 
0.70474 
0.687974 
0.671131 
0.657866 
0.649463 
0.646026 
0.647085 
0.651833 
0.659256 
0.668253 
0.677845 
0.687447 
0.697059 
0.707191 
0.718532 
0.731579 
0.746377 
0.762519 
0.779361 
0.796307 
0.813041 
0.829917 
0.848373 
0.868189 
0.88303 
0.903138 
0.905889 
0.855064 
0.802709 
0.760696 
0.730024 
0.710174 
0.700112 
0.698468 
0.703349 
0.712056 
0.720849 
0.725236 
0.72139 
0.708007 
0.229688 
0.215943 
0.201295 
0.185775 
0.169424 
0.152352 
0.134873 
0.11789 
0.104073 
0.101316 
0.124825 
0.176731 
0.245636 
0.326471 
0.418032 
0.518019 
0.618312 
0.701078 
0.745878 
0.750728 
0.732979 
0.709292 
0.688217 
0.672857 
0.66385 
0.660822 
0.662988 
0.669312 
0.678538 
0.689268 
0.700213 
0.710601 
0.720492 
0.730696 
0.742267 
0.755929 
0.771731 
0.789043 
0.806908 
0.824437 
0.841002 
0.856721 
0.873414 
0.894534 
0.914861 
0.938744 
0.942167 
0.873813 
0.814914 
0.770169 
0.738675 
0.719327 
0.710931 
0.71208 
0.720883 
0.734492 
0.748543 
0.757123 
0.754788 
0.739936 
0.22167 
0.206829 
0.19099 
0.174144 
0.156271 
0.137335 
0.117357 
0.096649 
0.0766648 
0.0644052 
0.0869816 
0.1471 
0.222343 
0.309256 
0.40909 
0.522082 
0.641424 
0.743646 
0.793496 
0.788149 
0.758671 
0.727426 
0.702533 
0.685756 
0.676778 
0.674703 
0.678464 
0.686835 
0.698331 
0.711214 
0.723765 
0.734928 
0.744853 
0.754796 
0.766344 
0.780557 
0.797467 
0.816106 
0.835063 
0.853112 
0.86917 
0.882685 
0.895614 
0.912426 
0.937664 
0.957584 
0.953254 
0.879566 
0.819559 
0.774497 
0.743478 
0.725437 
0.71927 
0.723722 
0.73708 
0.756568 
0.777327 
0.791607 
0.791245 
0.774235 
0.213485 
0.197569 
0.180588 
0.162534 
0.143346 
0.122896 
0.100987 
0.0774359 
0.0523717 
0.0278641 
0.0486514 
0.118189 
0.197276 
0.287744 
0.393469 
0.518213 
0.659436 
0.789959 
0.845709 
0.822524 
0.77866 
0.740456 
0.713025 
0.695968 
0.687889 
0.687419 
0.693306 
0.704237 
0.718549 
0.7341 
0.748581 
0.760469 
0.770034 
0.779221 
0.790393 
0.805068 
0.823257 
0.843468 
0.863601 
0.882142 
0.89755 
0.907809 
0.914738 
0.923949 
0.939017 
0.954037 
0.931321 
0.872031 
0.816365 
0.773402 
0.744139 
0.728154 
0.724696 
0.732827 
0.751207 
0.777444 
0.806607 
0.828774 
0.830947 
0.810572 
0.205154 
0.188181 
0.170125 
0.150998 
0.13075 
0.109236 
0.0861801 
0.0612358 
0.0342928 
0.00724727 
0.0252048 
0.0927603 
0.171 
0.261398 
0.369071 
0.50161 
0.664378 
0.836974 
0.899825 
0.846595 
0.78866 
0.746339 
0.718742 
0.703026 
0.696907 
0.698753 
0.707312 
0.721316 
0.739035 
0.757902 
0.774748 
0.787263 
0.795867 
0.803581 
0.813889 
0.828915 
0.848644 
0.870809 
0.892165 
0.911097 
0.926115 
0.932207 
0.930785 
0.929865 
0.931985 
0.929739 
0.903831 
0.855422 
0.806309 
0.767084 
0.740579 
0.72724 
0.726817 
0.738803 
0.762375 
0.795869 
0.835108 
0.868469 
0.873882 
0.848022 
0.196691 
0.178683 
0.159618 
0.139561 
0.118528 
0.0964356 
0.073087 
0.0483147 
0.0228415 
0.00303381 
0.0168819 
0.0710085 
0.143789 
0.229978 
0.33422 
0.467065 
0.642646 
0.867556 
0.939279 
0.847828 
0.784109 
0.743448 
0.719093 
0.70671 
0.703711 
0.708564 
0.720258 
0.73779 
0.759532 
0.782522 
0.802363 
0.815349 
0.822077 
0.827312 
0.836118 
0.851341 
0.872985 
0.897735 
0.920228 
0.939009 
0.954541 
0.955835 
0.943601 
0.931283 
0.920444 
0.905172 
0.875879 
0.83368 
0.790746 
0.755895 
0.732731 
0.722397 
0.725144 
0.740917 
0.769462 
0.810041 
0.860236 
0.90969 
0.919256 
0.884495 
0.188111 
0.169084 
0.14907 
0.128219 
0.106657 
0.0844473 
0.0615796 
0.0382034 
0.0157526 
0.000776686 
0.00895567 
0.0507577 
0.115896 
0.193863 
0.28851 
0.411268 
0.580222 
0.807775 
0.89108 
0.813757 
0.76238 
0.731295 
0.71411 
0.707124 
0.708344 
0.716776 
0.731921 
0.753277 
0.779599 
0.80771 
0.83152 
0.844753 
0.848202 
0.849609 
0.856143 
0.871341 
0.895327 
0.923761 
0.947104 
0.960802 
0.970817 
0.973972 
0.952468 
0.929002 
0.906316 
0.880858 
0.84809 
0.809175 
0.771226 
0.740709 
0.721099 
0.713894 
0.71973 
0.73894 
0.771745 
0.818197 
0.877782 
0.947169 
0.961984 
0.916264 
0.179431 
0.159393 
0.138478 
0.116944 
0.0950715 
0.0731276 
0.051344 
0.0301253 
0.0109513 
0 
0 
0.0312939 
0.0881795 
0.154325 
0.233578 
0.33546 
0.476885 
0.657487 
0.756692 
0.746345 
0.725101 
0.711032 
0.704564 
0.704754 
0.711057 
0.723413 
0.742073 
0.767272 
0.798507 
0.832879 
0.862266 
0.875444 
0.873428 
0.869337 
0.872813 
0.887659 
0.914181 
0.94813 
0.971906 
0.978816 
0.987662 
0.987945 
0.956602 
0.923603 
0.890371 
0.856306 
0.820023 
0.78268 
0.748517 
0.721934 
0.705793 
0.701631 
0.710298 
0.732387 
0.768401 
0.818699 
0.883091 
0.958435 
0.979893 
0.939414 
0.17067 
0.149624 
0.12784 
0.105703 
0.083681 
0.0622868 
0.0420085 
0.0233812 
0.00746099 
0 
0 
0.0176897 
0.0620648 
0.113497 
0.173379 
0.246267 
0.346578 
0.490707 
0.612866 
0.662245 
0.678131 
0.685411 
0.691941 
0.700444 
0.712296 
0.728603 
0.750511 
0.779145 
0.815116 
0.856742 
0.89444 
0.907184 
0.896225 
0.884937 
0.884831 
0.898932 
0.927337 
0.968284 
0.990062 
0.993089 
0.996545 
0.989459 
0.956573 
0.915499 
0.872564 
0.830808 
0.79106 
0.754369 
0.723109 
0.699987 
0.687075 
0.685718 
0.696825 
0.721105 
0.759126 
0.811055 
0.875439 
0.942599 
0.972336 
0.954091 
0.161859 
0.1398 
0.117165 
0.0944788 
0.0724077 
0.0517477 
0.0332466 
0.0174651 
0.00488632 
0 
0 
0.0102305 
0.0383867 
0.0740013 
0.113754 
0.154966 
0.204818 
0.326633 
0.482662 
0.578778 
0.629153 
0.658121 
0.678202 
0.695305 
0.712673 
0.732591 
0.757094 
0.788214 
0.827848 
0.876648 
0.927024 
0.938869 
0.913694 
0.894428 
0.89092 
0.904031 
0.932609 
0.974036 
0.997292 
0.998646 
0.999323 
0.989396 
0.954378 
0.905079 
0.852482 
0.803514 
0.7605 
0.724101 
0.69523 
0.675179 
0.665201 
0.666326 
0.679406 
0.705151 
0.744044 
0.795854 
0.857987 
0.920203 
0.959787 
0.964259 
0.15304 
0.129958 
0.106489 
0.0832925 
0.0612262 
0.0414056 
0.0248596 
0.0120336 
0.00300586 
0 
0 
0.00337318 
0.0170984 
0.0384489 
0.0611947 
0.0766948 
0.0725658 
0.181426 
0.379488 
0.508143 
0.585166 
0.632922 
0.665455 
0.690577 
0.712921 
0.73574 
0.761815 
0.79391 
0.834961 
0.887998 
0.954079 
0.964472 
0.920987 
0.895691 
0.890065 
0.902457 
0.929795 
0.965395 
0.989758 
0.998977 
0.999662 
0.990414 
0.951864 
0.892328 
0.829287 
0.77343 
0.727608 
0.691614 
0.66498 
0.647757 
0.640429 
0.643678 
0.658237 
0.684757 
0.723579 
0.774162 
0.833668 
0.894366 
0.944294 
0.972806 
0.144269 
0.12016 
0.0958883 
0.0722376 
0.0502131 
0.0312891 
0.0168873 
0.00692663 
0.00133768 
0 
0 
0 
0 
0.00903542 
0.02082 
0.0257197 
0.0111442 
0.113034 
0.314676 
0.457397 
0.551145 
0.61294 
0.655637 
0.687487 
0.71383 
0.738529 
0.764863 
0.79601 
0.835284 
0.886072 
0.949789 
0.958081 
0.913119 
0.887205 
0.881736 
0.894409 
0.920716 
0.952548 
0.977562 
0.992321 
0.999831 
0.993279 
0.950008 
0.87625 
0.801578 
0.73942 
0.691673 
0.65665 
0.632432 
0.617957 
0.613038 
0.618047 
0.633598 
0.660272 
0.698292 
0.746978 
0.803833 
0.863808 
0.921565 
0.975545 
0.135619 
0.11049 
0.0854813 
0.0615095 
0.0396139 
0.021621 
0.00978478 
0.00261053 
0 
0 
0 
0 
0 
0 
0 
0.00470903 
0.0229794 
0.121823 
0.288419 
0.428609 
0.529694 
0.600315 
0.650299 
0.68714 
0.716197 
0.741545 
0.766665 
0.794819 
0.829012 
0.870951 
0.914125 
0.919559 
0.889876 
0.868783 
0.86598 
0.880535 
0.907313 
0.938039 
0.963806 
0.981919 
0.995021 
0.997645 
0.94837 
0.854049 
0.767339 
0.700279 
0.652092 
0.619056 
0.597728 
0.586058 
0.583343 
0.589747 
0.605822 
0.632109 
0.668762 
0.715084 
0.769006 
0.827109 
0.886406 
0.9453 
0.127186 
0.101052 
0.0754264 
0.0514296 
0.029957 
0.0128811 
0.00462553 
0.00116589 
0 
0 
0 
0 
0 
0 
0 
0.00535178 
0.0528531 
0.151043 
0.290193 
0.419877 
0.521371 
0.596168 
0.65052 
0.690444 
0.720779 
0.745449 
0.767874 
0.791151 
0.817688 
0.847528 
0.872852 
0.874538 
0.855795 
0.841515 
0.843293 
0.861621 
0.89097 
0.922706 
0.94905 
0.967744 
0.982424 
0.997618 
0.9407 
0.820495 
0.724237 
0.654941 
0.608503 
0.578896 
0.561149 
0.552421 
0.551711 
0.559135 
0.575276 
0.6007 
0.635546 
0.679136 
0.729647 
0.784139 
0.838695 
0.882559 
0.119087 
0.0919695 
0.0658901 
0.0424215 
0.0222485 
0.0059941 
0.00333226 
0.00670979 
0 
0 
0 
0 
0 
0 
0 
0.0205766 
0.0898983 
0.18819 
0.309758 
0.427539 
0.525375 
0.600786 
0.656919 
0.698085 
0.728268 
0.750946 
0.769289 
0.786142 
0.803429 
0.820578 
0.831872 
0.828766 
0.81521 
0.806916 
0.814318 
0.838397 
0.872745 
0.907375 
0.933973 
0.949935 
0.958501 
0.964797 
0.898074 
0.770024 
0.670466 
0.602789 
0.56095 
0.536555 
0.52319 
0.517524 
0.518566 
0.526592 
0.542341 
0.566473 
0.599166 
0.63976 
0.686471 
0.736183 
0.783517 
0.815791 
0.111471 
0.0833801 
0.0569954 
0.0348645 
0.0181026 
0.00373533 
0.0099737 
0.0250271 
0.0114925 
0 
0 
0 
0.00208762 
0 
0 
0.051695 
0.13437 
0.231641 
0.341114 
0.448005 
0.540276 
0.613883 
0.669731 
0.710533 
0.739253 
0.758727 
0.771764 
0.780999 
0.788174 
0.792959 
0.792214 
0.783084 
0.770432 
0.766116 
0.779491 
0.811414 
0.853625 
0.89321 
0.919877 
0.930011 
0.924713 
0.900293 
0.820936 
0.702376 
0.605648 
0.543948 
0.510071 
0.49285 
0.484604 
0.48198 
0.484391 
0.49252 
0.50739 
0.529832 
0.560108 
0.597577 
0.640389 
0.685125 
0.725791 
0.751513 
0.10453 
0.0754646 
0.0487838 
0.0287795 
0.0189532 
0.016267 
0.036028 
0.0623493 
0.0493432 
0 
0 
0.0447511 
0.0497231 
0.0087764 
0.0191029 
0.10096 
0.187668 
0.28133 
0.381111 
0.478445 
0.56451 
0.634854 
0.688905 
0.728055 
0.754217 
0.769435 
0.776109 
0.776811 
0.773409 
0.766197 
0.75412 
0.737536 
0.722349 
0.719537 
0.738751 
0.780907 
0.83464 
0.881793 
0.90873 
0.910996 
0.888148 
0.83491 
0.739296 
0.622631 
0.530862 
0.479475 
0.457297 
0.449141 
0.446435 
0.446524 
0.44971 
0.457321 
0.470777 
0.491141 
0.518808 
0.553175 
0.59232 
0.632649 
0.668305 
0.690772 
0.0985174 
0.0685108 
0.0412816 
0.0235377 
0.0241136 
0.04355 
0.082285 
0.122191 
0.12218 
0.0395235 
0.0428496 
0.130666 
0.130944 
0.082361 
0.0890064 
0.168034 
0.250058 
0.336994 
0.427852 
0.516726 
0.596621 
0.662933 
0.714159 
0.750726 
0.773522 
0.783627 
0.783021 
0.774454 
0.760187 
0.741177 
0.717761 
0.692109 
0.671177 
0.666897 
0.691295 
0.74662 
0.816914 
0.875126 
0.90287 
0.896461 
0.855966 
0.777523 
0.661202 
0.535681 
0.447821 
0.411531 
0.405095 
0.407394 
0.409996 
0.411982 
0.415054 
0.421374 
0.432817 
0.450712 
0.475631 
0.507059 
0.543042 
0.579942 
0.612353 
0.633643 
0.0937451 
0.0630158 
0.0348055 
0.0179879 
0.0308723 
0.0754673 
0.138199 
0.202583 
0.239634 
0.199587 
0.208719 
0.266084 
0.244233 
0.198647 
0.196696 
0.250468 
0.320198 
0.397715 
0.479822 
0.561163 
0.635305 
0.697284 
0.745019 
0.77842 
0.797398 
0.801749 
0.793024 
0.774552 
0.749232 
0.718521 
0.683457 
0.64703 
0.617 
0.607394 
0.635347 
0.707509 
0.801712 
0.875591 
0.904461 
0.8894 
0.833299 
0.732491 
0.590546 
0.444373 
0.358247 
0.343909 
0.357287 
0.370189 
0.376776 
0.379183 
0.380914 
0.385014 
0.393777 
0.408791 
0.430857 
0.459617 
0.493128 
0.527742 
0.558476 
0.579978 
0.0905424 
0.0597437 
0.0306001 
0.0113378 
0.0369826 
0.109884 
0.199125 
0.295345 
0.389979 
0.468347 
0.48438 
0.437968 
0.376543 
0.323905 
0.310334 
0.341144 
0.395342 
0.461928 
0.535507 
0.610275 
0.67939 
0.737023 
0.78078 
0.810745 
0.825918 
0.824108 
0.806407 
0.777449 
0.741025 
0.698781 
0.651784 
0.602986 
0.560288 
0.540074 
0.567892 
0.661212 
0.790555 
0.885908 
0.914668 
0.891365 
0.823657 
0.70466 
0.533324 
0.350892 
0.264298 
0.28352 
0.319357 
0.34052 
0.348237 
0.348843 
0.347681 
0.348505 
0.353871 
0.365564 
0.384674 
0.411111 
0.442962 
0.476476 
0.506882 
0.529594 
0.0891391 
0.0595485 
0.0314328 
0.006826 
0.0448342 
0.147755 
0.261135 
0.387857 
0.537989 
0.738936 
0.762501 
0.609257 
0.51009 
0.445932 
0.420453 
0.433191 
0.47217 
0.527636 
0.593249 
0.662619 
0.727798 
0.781211 
0.820413 
0.846897 
0.858953 
0.850846 
0.823109 
0.783166 
0.735852 
0.682513 
0.623631 
0.561328 
0.502508 
0.46465 
0.484524 
0.603049 
0.785358 
0.908893 
0.932239 
0.901665 
0.829118 
0.699974 
0.501351 
0.26073 
0.171862 
0.243334 
0.298227 
0.321247 
0.325496 
0.32141 
0.315583 
0.312029 
0.313271 
0.321165 
0.337181 
0.361686 
0.392793 
0.426409 
0.457659 
0.482342 
0.0895015 
0.0628198 
0.0402196 
0.0241514 
0.0736873 
0.190662 
0.3205 
0.468294 
0.648222 
0.883397 
0.914654 
0.742908 
0.629991 
0.558627 
0.523417 
0.52204 
0.547594 
0.592683 
0.651212 
0.71663 
0.779494 
0.828825 
0.862374 
0.88536 
0.896066 
0.881836 
0.842499 
0.791339 
0.733824 
0.670293 
0.600173 
0.52417 
0.446835 
0.383272 
0.380016 
0.524514 
0.787748 
0.945681 
0.951039 
0.916678 
0.849857 
0.723864 
0.514441 
0.203364 
0.111041 
0.24457 
0.300393 
0.314103 
0.308929 
0.296918 
0.284637 
0.27569 
0.272144 
0.275718 
0.288405 
0.311392 
0.342804 
0.377757 
0.41089 
0.438139 
0.0912141 
0.068879 
0.056059 
0.0622393 
0.122322 
0.237073 
0.374374 
0.530917 
0.711496 
0.89765 
0.936353 
0.82864 
0.729234 
0.658872 
0.617235 
0.604873 
0.619099 
0.654972 
0.707367 
0.770376 
0.833404 
0.878698 
0.904342 
0.923406 
0.936088 
0.916283 
0.862956 
0.801211 
0.734923 
0.662687 
0.582736 
0.494237 
0.398571 
0.303785 
0.251892 
0.414103 
0.788709 
0.982798 
0.957684 
0.929825 
0.883375 
0.77704 
0.589363 
0.30752 
0.211486 
0.306076 
0.327721 
0.318515 
0.297849 
0.274899 
0.254636 
0.239541 
0.230715 
0.229409 
0.238333 
0.260229 
0.293216 
0.330806 
0.366725 
0.396978 
0.0935178 
0.0760051 
0.0742594 
0.0992658 
0.169046 
0.282582 
0.421332 
0.576862 
0.743085 
0.888739 
0.934272 
0.880965 
0.808742 
0.746248 
0.700921 
0.679912 
0.684763 
0.712619 
0.759543 
0.821133 
0.888002 
0.929174 
0.942945 
0.956711 
0.974566 
0.950147 
0.881521 
0.81181 
0.739074 
0.660196 
0.572555 
0.474295 
0.364347 
0.242836 
0.118971 
0.279316 
0.722885 
0.943108 
0.936702 
0.932771 
0.923726 
0.850741 
0.711296 
0.567149 
0.468485 
0.41671 
0.373411 
0.331019 
0.29047 
0.254407 
0.225177 
0.203635 
0.189376 
0.182637 
0.186971 
0.208195 
0.244431 
0.286009 
0.325427 
0.358933 
0.0955081 
0.0820913 
0.0903675 
0.129969 
0.208987 
0.323898 
0.461493 
0.610863 
0.75991 
0.880687 
0.931984 
0.915925 
0.873428 
0.822187 
0.773987 
0.745948 
0.743195 
0.764104 
0.805645 
0.865014 
0.938584 
0.975478 
0.973839 
0.980701 
0.994259 
0.966575 
0.895076 
0.822428 
0.746274 
0.663202 
0.570486 
0.466277 
0.349382 
0.219301 
0.0833815 
0.222036 
0.608307 
0.829961 
0.885992 
0.917242 
0.957345 
0.922626 
0.83076 
0.825118 
0.726515 
0.533135 
0.423244 
0.346042 
0.28427 
0.234178 
0.195733 
0.168094 
0.148825 
0.136296 
0.134474 
0.155423 
0.197296 
0.244094 
0.287381 
0.324144 
0.0964073 
0.0852575 
0.101632 
0.153414 
0.241816 
0.360075 
0.496165 
0.63797 
0.771841 
0.877001 
0.932347 
0.941706 
0.928017 
0.888445 
0.835656 
0.802059 
0.793495 
0.808431 
0.844187 
0.898232 
0.967035 
0.99957 
0.993447 
0.99424 
0.994661 
0.96531 
0.903532 
0.833118 
0.756687 
0.671923 
0.576784 
0.470553 
0.354366 
0.234725 
0.149255 
0.257264 
0.526989 
0.724518 
0.81736 
0.877898 
0.945008 
0.943881 
0.898534 
0.943775 
0.849154 
0.612478 
0.462729 
0.357915 
0.276698 
0.212879 
0.165745 
0.133163 
0.110164 
0.0922621 
0.081612 
0.102621 
0.153554 
0.206097 
0.25305 
0.292777 
0.0958461 
0.0840959 
0.106517 
0.169716 
0.26836 
0.391753 
0.527275 
0.662184 
0.783631 
0.877669 
0.934526 
0.959979 
0.972644 
0.943489 
0.884118 
0.847587 
0.835275 
0.845251 
0.874825 
0.920466 
0.973125 
0.999915 
0.999958 
0.999979 
0.992109 
0.962708 
0.909819 
0.844699 
0.770648 
0.686411 
0.591071 
0.48584 
0.375281 
0.272747 
0.220249 
0.297359 
0.47835 
0.639399 
0.742002 
0.81708 
0.884087 
0.906905 
0.901768 
0.918974 
0.832321 
0.64202 
0.484194 
0.36296 
0.265934 
0.189385 
0.134719 
0.0992499 
0.0748417 
0.0538257 
0.0324087 
0.0537065 
0.116219 
0.173186 
0.222873 
0.26498 
0.0941996 
0.0777147 
0.104182 
0.179643 
0.29003 
0.420348 
0.556919 
0.686413 
0.797507 
0.882007 
0.937155 
0.969577 
0.992442 
0.971829 
0.917497 
0.882473 
0.868714 
0.874853 
0.89834 
0.934839 
0.974446 
0.998959 
0.999989 
0.999995 
0.990405 
0.962344 
0.916693 
0.858236 
0.788566 
0.706572 
0.612479 
0.5098 
0.406228 
0.317935 
0.278574 
0.327649 
0.44699 
0.57002 
0.665627 
0.743089 
0.808775 
0.846523 
0.861016 
0.85951 
0.783724 
0.636288 
0.488226 
0.36048 
0.251481 
0.163009 
0.102344 
0.0670212 
0.0443238 
0.024593 
0.00380947 
0.025454 
0.0884164 
0.146189 
0.19711 
0.240825 
0.0931574 
0.0658791 
0.0943749 
0.184917 
0.308662 
0.447509 
0.587105 
0.712801 
0.81456 
0.889324 
0.939413 
0.971188 
0.989004 
0.975053 
0.937057 
0.907657 
0.89455 
0.898017 
0.916069 
0.944485 
0.975023 
0.996425 
0.999997 
0.999999 
0.990259 
0.964535 
0.925516 
0.874549 
0.810813 
0.73221 
0.639864 
0.539814 
0.442082 
0.362421 
0.324704 
0.348907 
0.42296 
0.510433 
0.590297 
0.663116 
0.728493 
0.775602 
0.799843 
0.793914 
0.730454 
0.613177 
0.480228 
0.352473 
0.234559 
0.133717 
0.0686947 
0.0377216 
0.0197602 
0.00534961 
0 
0.018063 
0.0701961 
0.12509 
0.175723 
0.220272 
0.0967221 
0.049937 
0.0782539 
0.189046 
0.326278 
0.474641 
0.619599 
0.743027 
0.835308 
0.89897 
0.941112 
0.967982 
0.980705 
0.97185 
0.947133 
0.924985 
0.913965 
0.915799 
0.929358 
0.951261 
0.975461 
0.994637 
0.999999 
1 
0.991562 
0.968842 
0.936557 
0.893976 
0.837644 
0.763074 
0.671966 
0.573481 
0.479371 
0.403378 
0.361389 
0.363434 
0.401615 
0.456332 
0.516266 
0.581042 
0.64684 
0.701318 
0.73304 
0.730503 
0.679688 
0.584406 
0.466624 
0.342664 
0.218524 
0.102742 
0.0349392 
0.0140453 
0.00220574 
0 
0 
0.0151436 
0.0585201 
0.109022 
0.158387 
0.203185 
0.112076 
0.038848 
0.0643809 
0.198066 
0.344375 
0.502276 
0.655795 
0.778484 
0.859739 
0.910062 
0.942122 
0.962528 
0.971789 
0.966929 
0.951741 
0.936607 
0.92836 
0.929337 
0.939321 
0.956106 
0.975646 
0.9934 
1 
1 
0.993083 
0.974496 
0.949338 
0.916256 
0.869159 
0.798874 
0.707392 
0.608718 
0.516024 
0.44033 
0.391425 
0.373672 
0.381531 
0.405337 
0.44302 
0.498523 
0.566398 
0.628984 
0.668902 
0.67352 
0.634916 
0.556768 
0.452902 
0.335329 
0.209104 
0.0764845 
0.00732184 
0.00147033 
0 
0 
0 
0.0131187 
0.0504244 
0.096781 
0.144623 
0.18937 
0.146913 
0.0714845 
0.0910361 
0.217817 
0.362443 
0.529126 
0.696543 
0.820316 
0.886939 
0.921034 
0.941806 
0.955714 
0.962766 
0.96132 
0.953367 
0.944454 
0.939134 
0.939706 
0.946816 
0.959506 
0.975286 
0.99103 
1 
1 
0.994468 
0.980661 
0.962795 
0.940295 
0.905188 
0.83917 
0.744324 
0.643608 
0.550843 
0.47376 
0.417375 
0.38221 
0.363372 
0.356842 
0.369861 
0.416131 
0.489598 
0.562949 
0.612507 
0.625781 
0.598417 
0.534249 
0.443039 
0.334026 
0.212289 
0.0812409 
0.0118574 
0.0049123 
0 
0 
0 
0.0115513 
0.0441624 
0.0873159 
0.133979 
0.178654 
0.202143 
0.148969 
0.158658 
0.246759 
0.376404 
0.550688 
0.741777 
0.869177 
0.91411 
0.929215 
0.938849 
0.947282 
0.953317 
0.955229 
0.953378 
0.950036 
0.947534 
0.947834 
0.95247 
0.961744 
0.974307 
0.987415 
0.996431 
0.999809 
0.996202 
0.986509 
0.97537 
0.963647 
0.944729 
0.882789 
0.779895 
0.676216 
0.583107 
0.504482 
0.441582 
0.391901 
0.349524 
0.312215 
0.296327 
0.334122 
0.419529 
0.507432 
0.567558 
0.589388 
0.571781 
0.519191 
0.439481 
0.340592 
0.229234 
0.11767 
0.0488662 
0.0239974 
0.00397773 
0 
0 
0.0104778 
0.0388105 
0.0799553 
0.126187 
0.170955 
0.271872 
0.234882 
0.230304 
0.276482 
0.378499 
0.557265 
0.788889 
0.923595 
0.934726 
0.930704 
0.931487 
0.936462 
0.94288 
0.948548 
0.952499 
0.954475 
0.954601 
0.954443 
0.956684 
0.962979 
0.972873 
0.984053 
0.993105 
0.998264 
0.997228 
0.991248 
0.98531 
0.982047 
0.982316 
0.924165 
0.809615 
0.704667 
0.612388 
0.533354 
0.466143 
0.405831 
0.344095 
0.275804 
0.222839 
0.253294 
0.361401 
0.467278 
0.537164 
0.565919 
0.556031 
0.512851 
0.443394 
0.355099 
0.256144 
0.160716 
0.0930272 
0.0545847 
0.0252668 
0.00795988 
0.00411911 
0.0099047 
0.0338359 
0.0745014 
0.12129 
0.166333 
0.350621 
0.323264 
0.300132 
0.300139 
0.359326 
0.532647 
0.821481 
0.968418 
0.936944 
0.921186 
0.918065 
0.922449 
0.930856 
0.940993 
0.951055 
0.958595 
0.961164 
0.959992 
0.959607 
0.963214 
0.971062 
0.981147 
0.990417 
0.996453 
0.997412 
0.994449 
0.991352 
0.99107 
0.994531 
0.939817 
0.828932 
0.727669 
0.638535 
0.561129 
0.492758 
0.426987 
0.352696 
0.257124 
0.153166 
0.177576 
0.325045 
0.448201 
0.523913 
0.556376 
0.551639 
0.51571 
0.455035 
0.376666 
0.289141 
0.204966 
0.138699 
0.092269 
0.0565533 
0.030947 
0.0150686 
0.0097247 
0.0289522 
0.0714113 
0.119721 
0.165004 
0.435663 
0.416421 
0.371858 
0.317078 
0.311542 
0.460398 
0.766537 
0.930919 
0.909023 
0.898065 
0.897761 
0.90475 
0.916733 
0.93213 
0.949013 
0.962986 
0.96784 
0.964578 
0.961063 
0.962237 
0.968726 
0.978559 
0.988488 
0.995427 
0.997711 
0.996211 
0.993423 
0.990582 
0.981194 
0.929522 
0.837628 
0.745115 
0.661688 
0.588323 
0.522468 
0.457532 
0.381082 
0.272619 
0.109507 
0.129196 
0.326897 
0.455697 
0.529339 
0.560975 
0.5585 
0.527676 
0.474121 
0.404249 
0.326062 
0.249754 
0.184968 
0.133946 
0.0926614 
0.0589552 
0.0307957 
0.0101971 
0.0244932 
0.0722106 
0.122317 
0.167285 
0.525411 
0.518504 
0.45288 
0.334693 
0.234964 
0.341377 
0.632924 
0.816676 
0.853727 
0.862634 
0.871084 
0.883378 
0.900148 
0.921338 
0.945837 
0.967976 
0.974976 
0.967723 
0.960489 
0.959608 
0.965517 
0.976031 
0.987337 
0.995389 
0.998376 
0.99696 
0.992588 
0.984739 
0.965358 
0.91629 
0.83977 
0.758005 
0.682192 
0.615113 
0.555385 
0.497845 
0.432004 
0.3383 
0.188212 
0.204456 
0.382768 
0.49206 
0.55307 
0.578916 
0.575922 
0.548232 
0.500104 
0.436979 
0.365903 
0.295122 
0.231667 
0.177894 
0.132031 
0.0916297 
0.0534781 
0.0149937 
0.0242982 
0.0798699 
0.130098 
0.173475 
0.616938 
0.633328 
0.551683 
0.368613 
0.152594 
0.210314 
0.513897 
0.708561 
0.787713 
0.819808 
0.839796 
0.858858 
0.880918 
0.907799 
0.940109 
0.973269 
0.982273 
0.967978 
0.956926 
0.954701 
0.960919 
0.973159 
0.986867 
0.996278 
0.999405 
0.997165 
0.990294 
0.977529 
0.952112 
0.90515 
0.839225 
0.767709 
0.700402 
0.641264 
0.590561 
0.545847 
0.501894 
0.450176 
0.38874 
0.40272 
0.48836 
0.553157 
0.592219 
0.608299 
0.602678 
0.576567 
0.532326 
0.474179 
0.408178 
0.341177 
0.278767 
0.2233 
0.174114 
0.129197 
0.0857591 
0.0420203 
0.0464177 
0.0975007 
0.143732 
0.183671 
0.702965 
0.761036 
0.67236 
0.432177 
0.168648 
0.182032 
0.444328 
0.628231 
0.725974 
0.775502 
0.806281 
0.832075 
0.859074 
0.890649 
0.929178 
0.975429 
0.98627 
0.962593 
0.949217 
0.946832 
0.954275 
0.9693 
0.986849 
0.997849 
1 
0.996958 
0.98768 
0.971151 
0.94207 
0.896629 
0.838009 
0.775293 
0.716511 
0.666155 
0.626149 
0.597235 
0.580762 
0.582237 
0.611672 
0.624451 
0.617295 
0.62838 
0.641645 
0.646319 
0.637137 
0.611694 
0.570101 
0.515299 
0.452575 
0.387951 
0.326234 
0.269735 
0.218461 
0.171245 
0.127155 
0.0908851 
0.0905452 
0.124832 
0.162966 
0.19764 
0.76952 
0.884497 
0.798436 
0.513672 
0.282028 
0.261536 
0.42543 
0.577527 
0.67579 
0.734252 
0.772797 
0.804049 
0.8349 
0.869395 
0.910298 
0.958527 
0.971004 
0.948675 
0.936497 
0.935441 
0.944847 
0.963375 
0.986754 
0.999507 
0.999586 
0.995464 
0.985414 
0.966578 
0.935016 
0.890383 
0.836798 
0.781297 
0.730469 
0.688916 
0.659849 
0.646692 
0.655966 
0.703158 
0.817145 
0.829651 
0.737849 
0.70443 
0.695177 
0.689722 
0.677475 
0.652574 
0.612768 
0.55984 
0.498779 
0.435344 
0.373954 
0.316856 
0.264492 
0.216582 
0.173952 
0.142903 
0.138029 
0.158212 
0.186619 
0.214809 
0.801418 
0.922421 
0.845842 
0.58135 
0.387697 
0.34643 
0.43707 
0.550638 
0.638497 
0.698424 
0.740993 
0.77575 
0.808946 
0.844372 
0.883699 
0.922749 
0.936618 
0.926302 
0.918733 
0.920284 
0.931954 
0.953697 
0.984413 
0.999069 
0.995434 
0.992345 
0.983946 
0.964201 
0.930469 
0.885751 
0.835523 
0.7858 
0.742031 
0.70862 
0.68948 
0.689512 
0.717193 
0.788483 
0.924215 
0.937235 
0.825142 
0.770315 
0.747231 
0.735371 
0.721887 
0.698223 
0.659718 
0.607281 
0.546376 
0.483101 
0.421708 
0.364296 
0.311521 
0.263738 
0.222661 
0.19367 
0.184463 
0.194127 
0.213144 
0.234396 
0.797794 
0.872696 
0.808627 
0.618556 
0.464202 
0.414471 
0.459889 
0.539326 
0.61225 
0.668562 
0.711782 
0.747969 
0.781959 
0.816696 
0.85258 
0.884391 
0.899374 
0.898546 
0.896754 
0.901522 
0.915235 
0.938594 
0.970972 
0.98769 
0.986833 
0.987937 
0.983676 
0.964169 
0.927705 
0.881838 
0.83371 
0.788579 
0.750858 
0.72449 
0.713462 
0.722812 
0.759861 
0.833242 
0.932277 
0.946448 
0.873762 
0.820739 
0.793992 
0.780662 
0.768731 
0.7478 
0.710414 
0.656993 
0.594763 
0.530789 
0.469166 
0.411656 
0.358873 
0.31145 
0.271274 
0.242367 
0.229005 
0.230492 
0.241153 
0.25558 
0.772378 
0.8133 
0.761881 
0.631026 
0.513351 
0.464011 
0.4831 
0.536387 
0.594102 
0.644083 
0.685462 
0.721276 
0.75473 
0.78776 
0.820007 
0.847273 
0.863071 
0.8684 
0.871796 
0.879673 
0.89488 
0.918061 
0.946277 
0.965087 
0.973282 
0.981719 
0.984839 
0.966429 
0.925553 
0.877481 
0.830662 
0.789266 
0.756628 
0.736029 
0.731024 
0.745818 
0.785006 
0.849451 
0.918587 
0.934392 
0.895271 
0.855992 
0.833677 
0.823647 
0.816498 
0.800614 
0.764357 
0.708078 
0.643053 
0.577789 
0.515909 
0.458538 
0.405984 
0.358848 
0.318826 
0.288841 
0.271467 
0.266233 
0.269605 
0.27762 
0.738368 
0.760287 
0.720159 
0.629209 
0.541621 
0.497487 
0.502105 
0.536844 
0.581201 
0.623921 
0.661915 
0.696015 
0.72795 
0.758757 
0.787778 
0.812102 
0.828411 
0.837645 
0.845037 
0.855476 
0.871594 
0.893758 
0.918871 
0.93952 
0.955347 
0.972391 
0.987053 
0.970329 
0.921939 
0.87125 
0.825605 
0.787476 
0.759117 
0.743066 
0.742158 
0.759341 
0.796496 
0.849998 
0.901137 
0.918902 
0.902083 
0.879162 
0.865993 
0.86286 
0.863511 
0.856005 
0.820949 
0.759043 
0.689966 
0.62331 
0.561474 
0.504591 
0.452447 
0.405414 
0.364906 
0.333127 
0.311834 
0.300805 
0.297788 
0.299906 
0.702962 
0.714841 
0.684144 
0.619986 
0.555379 
0.518231 
0.515554 
0.537762 
0.571307 
0.606944 
0.640812 
0.672344 
0.70213 
0.730514 
0.756778 
0.77902 
0.795546 
0.807211 
0.817413 
0.829721 
0.846285 
0.867335 
0.890636 
0.912538 
0.933345 
0.957374 
0.986475 
0.971769 
0.91347 
0.861642 
0.817849 
0.782915 
0.758251 
0.745722 
0.747386 
0.764965 
0.798407 
0.842549 
0.88322 
0.903108 
0.901383 
0.893522 
0.891353 
0.897045 
0.907293 
0.912739 
0.878895 
0.807214 
0.733798 
0.666459 
0.605407 
0.549549 
0.498021 
0.450899 
0.40938 
0.37531 
0.35014 
0.333918 
0.325223 
0.321962 
0.669255 
0.675976 
0.65287 
0.607076 
0.559518 
0.529413 
0.523613 
0.537653 
0.562871 
0.592174 
0.621753 
0.650287 
0.677588 
0.703524 
0.727407 
0.748011 
0.764489 
0.777585 
0.78961 
0.803125 
0.819794 
0.839831 
0.861887 
0.884209 
0.907284 
0.933878 
0.965248 
0.952681 
0.896705 
0.847607 
0.806978 
0.77546 
0.754117 
0.744336 
0.747508 
0.764406 
0.79391 
0.830953 
0.865504 
0.887516 
0.896529 
0.901436 
0.910323 
0.925109 
0.943962 
0.965493 
0.932717 
0.848219 
0.772647 
0.706391 
0.647346 
0.593265 
0.542627 
0.495236 
0.452245 
0.415482 
0.386418 
0.365401 
0.351578 
0.343418 
0.638343 
0.64251 
0.625383 
0.592457 
0.557454 
0.533665 
0.527046 
0.535927 
0.554936 
0.578866 
0.604353 
0.629775 
0.654479 
0.678038 
0.699815 
0.719007 
0.735204 
0.749035 
0.762115 
0.776281 
0.792785 
0.811864 
0.832777 
0.854637 
0.877622 
0.902295 
0.923584 
0.913125 
0.871607 
0.829083 
0.792979 
0.765197 
0.746952 
0.739383 
0.743405 
0.759179 
0.785171 
0.817075 
0.847998 
0.871974 
0.888897 
0.904262 
0.923388 
0.946502 
0.969632 
0.992073 
0.960032 
0.877486 
0.805023 
0.742503 
0.687093 
0.635749 
0.586334 
0.538481 
0.493559 
0.453709 
0.420677 
0.395125 
0.37661 
0.363984 
0.610446 
0.613433 
0.600957 
0.577216 
0.551476 
0.533033 
0.526781 
0.532503 
0.546978 
0.566501 
0.588289 
0.610696 
0.632845 
0.654149 
0.674023 
0.691916 
0.707641 
0.721709 
0.735271 
0.749642 
0.765757 
0.783852 
0.803519 
0.824184 
0.8455 
0.866226 
0.879759 
0.871278 
0.841528 
0.806988 
0.776232 
0.752412 
0.73711 
0.731401 
0.735916 
0.750495 
0.773594 
0.801822 
0.830524 
0.856147 
0.87891 
0.902575 
0.930797 
0.96167 
0.984402 
0.991733 
0.960018 
0.894384 
0.830501 
0.774584 
0.724656 
0.67717 
0.629345 
0.580765 
0.533372 
0.49 
0.452871 
0.422968 
0.400121 
0.383427 
0.585432 
0.587946 
0.579065 
0.561976 
0.543106 
0.529043 
0.523699 
0.527555 
0.538762 
0.554749 
0.573307 
0.592924 
0.612655 
0.631853 
0.649982 
0.66664 
0.681742 
0.695689 
0.70931 
0.723547 
0.739083 
0.756124 
0.774404 
0.793399 
0.812313 
0.829052 
0.838 
0.831314 
0.809733 
0.782657 
0.757374 
0.737533 
0.725024 
0.72094 
0.725781 
0.739279 
0.76008 
0.785644 
0.812874 
0.83969 
0.866568 
0.896394 
0.932221 
0.971639 
0.991957 
0.984779 
0.953375 
0.902237 
0.849719 
0.802785 
0.760219 
0.717853 
0.671983 
0.62224 
0.571675 
0.52427 
0.482887 
0.448783 
0.421933 
0.401551 
0.563043 
0.565432 
0.559306 
0.547095 
0.533353 
0.522812 
0.518559 
0.521362 
0.530232 
0.543418 
0.559221 
0.576332 
0.593838 
0.611093 
0.627611 
0.643076 
0.657443 
0.671016 
0.684391 
0.698236 
0.713045 
0.728962 
0.745756 
0.76287 
0.779259 
0.7927 
0.799023 
0.79393 
0.778117 
0.757307 
0.737112 
0.721059 
0.711156 
0.708527 
0.713633 
0.726223 
0.745217 
0.768778 
0.794876 
0.822336 
0.851759 
0.885468 
0.926345 
0.975201 
0.993224 
0.973678 
0.943877 
0.904223 
0.863704 
0.827416 
0.794056 
0.758255 
0.714656 
0.663006 
0.60832 
0.5563 
0.510523 
0.472388 
0.441871 
0.418185 
0.542994 
0.545411 
0.541391 
0.532789 
0.522892 
0.51515 
0.511982 
0.514231 
0.521429 
0.532413 
0.545903 
0.560809 
0.576306 
0.591786 
0.606812 
0.621122 
0.634677 
0.647701 
0.660613 
0.673885 
0.687856 
0.702601 
0.717882 
0.733106 
0.747169 
0.758081 
0.762899 
0.759192 
0.7476 
0.731836 
0.716098 
0.703488 
0.695963 
0.694644 
0.699996 
0.711851 
0.729406 
0.751373 
0.776434 
0.803944 
0.834471 
0.869728 
0.911687 
0.960404 
0.976953 
0.956636 
0.931394 
0.901947 
0.87325 
0.848662 
0.82634 
0.798905 
0.757824 
0.70299 
0.642919 
0.585695 
0.535476 
0.493562 
0.45985 
0.433271 
0.525019 
0.527519 
0.52509 
0.519175 
0.512175 
0.506637 
0.504455 
0.506445 
0.512446 
0.521701 
0.533267 
0.54626 
0.559965 
0.573836 
0.587484 
0.600678 
0.613378 
0.625735 
0.638038 
0.650612 
0.663674 
0.677237 
0.69104 
0.704491 
0.716547 
0.725571 
0.729525 
0.727007 
0.718595 
0.706836 
0.694862 
0.685274 
0.679865 
0.679716 
0.685307 
0.696568 
0.712943 
0.733551 
0.757538 
0.784544 
0.814935 
0.849667 
0.889077 
0.928412 
0.944264 
0.93362 
0.915727 
0.896026 
0.878668 
0.866304 
0.856863 
0.840311 
0.801915 
0.741772 
0.674766 
0.611915 
0.557424 
0.512134 
0.475509 
0.446482 
0.508861 
0.511444 
0.510231 
0.506313 
0.501497 
0.497689 
0.49636 
0.498256 
0.503389 
0.511285 
0.521256 
0.532605 
0.544728 
0.557149 
0.569525 
0.581651 
0.593476 
0.605093 
0.616696 
0.628495 
0.640615 
0.653017 
0.665425 
0.677279 
0.68766 
0.695282 
0.698744 
0.697233 
0.691267 
0.682672 
0.673807 
0.6668 
0.663232 
0.664109 
0.669919 
0.680688 
0.696084 
0.715451 
0.738263 
0.764257 
0.793577 
0.826406 
0.861668 
0.893543 
0.909225 
0.906932 
0.897201 
0.88669 
0.879842 
0.879535 
0.88456 
0.882774 
0.847154 
0.777857 
0.702404 
0.633983 
0.575746 
0.527679 
0.488795 
0.457813 
0.494328 
0.496971 
0.496649 
0.49424 
0.491079 
0.4886 
0.487984 
0.489868 
0.494363 
0.501184 
0.509836 
0.519778 
0.530513 
0.541634 
0.552842 
0.563951 
0.574903 
0.585742 
0.596592 
0.607577 
0.618754 
0.630042 
0.641167 
0.651617 
0.660623 
0.667197 
0.670382 
0.669715 
0.665653 
0.659556 
0.653223 
0.648376 
0.646374 
0.64813 
0.654162 
0.664496 
0.678957 
0.697156 
0.718698 
0.743344 
0.770983 
0.801233 
0.832325 
0.859331 
0.87512 
0.878757 
0.876383 
0.874002 
0.876281 
0.886777 
0.906507 
0.925387 
0.892551 
0.808256 
0.724022 
0.651039 
0.590069 
0.54006 
0.499585 
0.467207 
0.481206 
0.483875 
0.484237 
0.482949 
0.481036 
0.479604 
0.479537 
0.481447 
0.485463 
0.491425 
0.498983 
0.507724 
0.517244 
0.527203 
0.537341 
0.547493 
0.55759 
0.567643 
0.577718 
0.58788 
0.598135 
0.608374 
0.618337 
0.627574 
0.635454 
0.641236 
0.644268 
0.644297 
0.641727 
0.637602 
0.633341 
0.630273 
0.629577 
0.632066 
0.638204 
0.648139 
0.661767 
0.678829 
0.699029 
0.722107 
0.747758 
0.775261 
0.802746 
0.826522 
0.842488 
0.850273 
0.853819 
0.858078 
0.867551 
0.886235 
0.917441 
0.961277 
0.931181 
0.827477 
0.737491 
0.662236 
0.60004 
0.549137 
0.507828 
0.474602 
0.469345 
0.472012 
0.47286 
0.472404 
0.47143 
0.470791 
0.47122 
0.473168 
0.476792 
0.482058 
0.488709 
0.496402 
0.504861 
0.513783 
0.522946 
0.5322 
0.541471 
0.550747 
0.560051 
0.569403 
0.578772 
0.58804 
0.596962 
0.605155 
0.612114 
0.617309 
0.620255 
0.620854 
0.619459 
0.616887 
0.614228 
0.612602 
0.612973 
0.616054 
0.622281 
0.631828 
0.644665 
0.660615 
0.679437 
0.700845 
0.724404 
0.749285 
0.77379 
0.795283 
0.811356 
0.821988 
0.829925 
0.839102 
0.853465 
0.876667 
0.911816 
0.958945 
0.931497 
0.829842 
0.74136 
0.667124 
0.60553 
0.554857 
0.513505 
0.480016 
0.45861 
0.461248 
0.46244 
0.462595 
0.462324 
0.462285 
0.463059 
0.465044 
0.468394 
0.473096 
0.478956 
0.485791 
0.493324 
0.501323 
0.509598 
0.518016 
0.526503 
0.535025 
0.543577 
0.552147 
0.560683 
0.56906 
0.577055 
0.584352 
0.590551 
0.595245 
0.598139 
0.599193 
0.598719 
0.597367 
0.596001 
0.595528 
0.596753 
0.600295 
0.60655 
0.615711 
0.627785 
0.642648 
0.660088 
0.679811 
0.70134 
0.723826 
0.745866 
0.765615 
0.781643 
0.794103 
0.805029 
0.817416 
0.834369 
0.858404 
0.889939 
0.918663 
0.893736 
0.815549 
0.735797 
0.665845 
0.606641 
0.557334 
0.516707 
0.483522 
