krig 
0.075444 
0.0996111 
0.094284 
0.0621374 
0.0277611 
0.02452 
0.0519064 
0.0756636 
0.0947794 
0.104425 
0.111725 
0.117897 
0.121164 
0.12081 
0.115975 
0.117583 
0.130923 
0.165415 
0.227373 
0.306288 
0.387961 
0.462859 
0.527489 
0.582369 
0.62975 
0.672189 
0.711924 
0.750788 
0.790321 
0.831593 
0.872952 
0.901349 
0.910846 
0.911813 
0.912541 
0.917169 
0.924736 
0.918898 
0.880932 
0.843206 
0.811312 
0.786024 
0.767295 
0.754821 
0.748126 
0.746534 
0.749127 
0.754716 
0.762024 
0.770119 
0.77885 
0.788764 
0.800445 
0.813538 
0.825287 
0.828334 
0.812622 
0.778115 
0.734874 
0.690519 
0.142379 
0.11428 
0.084091 
0.0516709 
0.0174592 
0.0147248 
0.0428256 
0.0673938 
0.0873583 
0.102644 
0.113134 
0.118542 
0.118442 
0.112663 
0.102689 
0.095746 
0.112537 
0.181067 
0.292842 
0.407254 
0.500724 
0.571137 
0.624727 
0.668297 
0.706851 
0.743512 
0.780108 
0.817966 
0.858607 
0.903965 
0.939857 
0.954709 
0.949066 
0.938214 
0.938481 
0.949773 
0.962596 
0.956977 
0.908363 
0.866789 
0.832952 
0.806624 
0.787481 
0.775144 
0.769112 
0.768688 
0.772855 
0.780191 
0.789004 
0.798006 
0.807129 
0.817489 
0.830418 
0.846384 
0.863404 
0.872636 
0.855735 
0.812589 
0.761432 
0.711342 
0.134557 
0.105947 
0.0761823 
0.0462776 
0.0206488 
0.0186236 
0.0393789 
0.0622274 
0.0820987 
0.0979528 
0.109339 
0.115699 
0.116137 
0.109467 
0.0951067 
0.0773355 
0.0808605 
0.161075 
0.305628 
0.441494 
0.541735 
0.611168 
0.6614 
0.701725 
0.737918 
0.773063 
0.808554 
0.845213 
0.88434 
0.927993 
0.969979 
0.980277 
0.969099 
0.957685 
0.957797 
0.969288 
0.985342 
0.977251 
0.928673 
0.886802 
0.852582 
0.825989 
0.806893 
0.795002 
0.789881 
0.790845 
0.796921 
0.806394 
0.816986 
0.826767 
0.835732 
0.845794 
0.859197 
0.877363 
0.899925 
0.919296 
0.901218 
0.845464 
0.786013 
0.730628 
0.127324 
0.0984951 
0.0698226 
0.0435729 
0.0249882 
0.0239224 
0.0392909 
0.0595198 
0.0787465 
0.0950577 
0.107648 
0.115764 
0.118197 
0.112936 
0.0971365 
0.0692166 
0.0477907 
0.142931 
0.336438 
0.493232 
0.594595 
0.658038 
0.701722 
0.737003 
0.769878 
0.802977 
0.836848 
0.871318 
0.906962 
0.944813 
0.981295 
0.988982 
0.98029 
0.971047 
0.971075 
0.980226 
0.990497 
0.979733 
0.94189 
0.90321 
0.870034 
0.84393 
0.825322 
0.814164 
0.810162 
0.812805 
0.821109 
0.833207 
0.846 
0.856384 
0.864392 
0.873157 
0.886077 
0.904944 
0.931105 
0.963547 
0.944276 
0.872904 
0.8069 
0.747361 
0.120538 
0.0915053 
0.0640073 
0.0412352 
0.0276292 
0.027823 
0.0403615 
0.0583584 
0.0768611 
0.0936894 
0.107886 
0.118693 
0.124916 
0.12432 
0.11284 
0.0834721 
0.0294838 
0.143943 
0.399824 
0.567937 
0.660095 
0.710924 
0.744656 
0.773253 
0.802067 
0.832862 
0.864924 
0.896489 
0.927145 
0.957181 
0.982472 
0.990969 
0.985531 
0.979242 
0.979234 
0.985413 
0.990743 
0.979952 
0.950917 
0.91674 
0.885494 
0.860444 
0.842698 
0.832505 
0.829777 
0.8342 
0.844999 
0.860385 
0.876107 
0.88695 
0.892896 
0.899202 
0.910046 
0.927548 
0.952718 
0.984301 
0.964015 
0.891246 
0.82341 
0.761744 
0.114074 
0.0845691 
0.0578217 
0.0378735 
0.0281113 
0.0299277 
0.0413546 
0.0579184 
0.0759205 
0.0934467 
0.109677 
0.124112 
0.135984 
0.143708 
0.14419 
0.13175 
0.10052 
0.240053 
0.510389 
0.668435 
0.736434 
0.767531 
0.788473 
0.809252 
0.833613 
0.862195 
0.892746 
0.921067 
0.94578 
0.96766 
0.984253 
0.990503 
0.987691 
0.983707 
0.98366 
0.987589 
0.990033 
0.981476 
0.958563 
0.928362 
0.899239 
0.875583 
0.858976 
0.849969 
0.848561 
0.854755 
0.868145 
0.887221 
0.907076 
0.918164 
0.920384 
0.923055 
0.930852 
0.945034 
0.964688 
0.981529 
0.96043 
0.900444 
0.835379 
0.773448 
0.107902 
0.0774242 
0.0505872 
0.0327701 
0.0264878 
0.0303423 
0.0417373 
0.0575973 
0.0754102 
0.0938363 
0.112458 
0.131292 
0.150382 
0.169579 
0.188794 
0.210317 
0.256017 
0.427503 
0.66676 
0.790915 
0.817519 
0.823896 
0.830857 
0.843535 
0.863439 
0.890203 
0.920211 
0.945298 
0.963378 
0.97744 
0.98685 
0.990214 
0.988463 
0.985794 
0.985621 
0.988236 
0.990174 
0.98486 
0.9664 
0.938744 
0.911478 
0.889455 
0.874197 
0.866327 
0.866158 
0.873914 
0.889635 
0.912643 
0.938582 
0.949729 
0.945887 
0.94424 
0.948403 
0.958134 
0.970681 
0.9761 
0.954497 
0.904435 
0.843879 
0.782788 
0.102146 
0.0700951 
0.0418944 
0.0256087 
0.0231191 
0.0294027 
0.0413665 
0.0570071 
0.0748677 
0.0943151 
0.115519 
0.139206 
0.166471 
0.198958 
0.240161 
0.300247 
0.410679 
0.620725 
0.844693 
0.918011 
0.892122 
0.874929 
0.869262 
0.874582 
0.890337 
0.91567 
0.94689 
0.968951 
0.979611 
0.986616 
0.98977 
0.990409 
0.988691 
0.98651 
0.986005 
0.98785 
0.990544 
0.989881 
0.974936 
0.947926 
0.922291 
0.902016 
0.888251 
0.881575 
0.882458 
0.891358 
0.908695 
0.934677 
0.968185 
0.97921 
0.967489 
0.962133 
0.962836 
0.967966 
0.974142 
0.972647 
0.951029 
0.907053 
0.85042 
0.790307 
0.09711 
0.0630901 
0.0317351 
0.0164898 
0.0187946 
0.0276159 
0.0403062 
0.0559175 
0.073895 
0.0943276 
0.118066 
0.146648 
0.182266 
0.228191 
0.290541 
0.383134 
0.535796 
0.783824 
0.983177 
0.995208 
0.947497 
0.915972 
0.901509 
0.901101 
0.913154 
0.936781 
0.970676 
0.989845 
0.992735 
0.994279 
0.992213 
0.9908 
0.988795 
0.986531 
0.985338 
0.986373 
0.989823 
0.994845 
0.982886 
0.955095 
0.931496 
0.913369 
0.901252 
0.895706 
0.897361 
0.906825 
0.924655 
0.951209 
0.985286 
0.995598 
0.983098 
0.976307 
0.97439 
0.975395 
0.976808 
0.971726 
0.950814 
0.910537 
0.856286 
0.79651 
0.0931467 
0.0575224 
0.0216004 
0.00700726 
0.0148783 
0.0255631 
0.0386927 
0.0541793 
0.0721487 
0.0933355 
0.119287 
0.152373 
0.19578 
0.253884 
0.33372 
0.448293 
0.619051 
0.862428 
0.997799 
0.9989 
0.978391 
0.944638 
0.926346 
0.92231 
0.931132 
0.95179 
0.982782 
0.998933 
0.998798 
0.997506 
0.9934 
0.991132 
0.989004 
0.986296 
0.983898 
0.983573 
0.986535 
0.992703 
0.983486 
0.959244 
0.939076 
0.923636 
0.913296 
0.908761 
0.910855 
0.920242 
0.937351 
0.96194 
0.989702 
0.999369 
0.992294 
0.986754 
0.983313 
0.980745 
0.979086 
0.973041 
0.953942 
0.916003 
0.862261 
0.801657 
0.0906807 
0.0547063 
0.0187485 
0.00446937 
0.0127904 
0.0237137 
0.0366878 
0.0517518 
0.0694023 
0.0908974 
0.118448 
0.155234 
0.205287 
0.273493 
0.366245 
0.492643 
0.662283 
0.863185 
0.99507 
0.999684 
0.989145 
0.96142 
0.943675 
0.93807 
0.944201 
0.960717 
0.983311 
0.996456 
0.997895 
0.996241 
0.993127 
0.991298 
0.989513 
0.986116 
0.981826 
0.979329 
0.980354 
0.983135 
0.976615 
0.960469 
0.945222 
0.933 
0.924496 
0.920787 
0.922986 
0.931799 
0.947199 
0.968363 
0.991261 
0.999842 
0.996124 
0.993764 
0.989702 
0.983677 
0.980508 
0.975868 
0.960305 
0.923947 
0.868477 
0.805659 
0.0896562 
0.0545626 
0.0230992 
0.00886066 
0.0126126 
0.0221917 
0.0343645 
0.048598 
0.0654775 
0.0866475 
0.114925 
0.154282 
0.209506 
0.285575 
0.387208 
0.518413 
0.678389 
0.844967 
0.958813 
0.994473 
0.987135 
0.9688 
0.954425 
0.948876 
0.952991 
0.965356 
0.981257 
0.991635 
0.99422 
0.993337 
0.991732 
0.991268 
0.990509 
0.986226 
0.979125 
0.973641 
0.972091 
0.972532 
0.968829 
0.959997 
0.950449 
0.941798 
0.935046 
0.931904 
0.93392 
0.941677 
0.954772 
0.97183 
0.989614 
0.996977 
0.995126 
0.996835 
0.992642 
0.983154 
0.979989 
0.97891 
0.969593 
0.934449 
0.874368 
0.807853 
0.0897645 
0.0557394 
0.0272574 
0.0128287 
0.0131016 
0.0208093 
0.0317525 
0.0447435 
0.0603105 
0.0803677 
0.10827 
0.148799 
0.207579 
0.289599 
0.397491 
0.530228 
0.680026 
0.824336 
0.926811 
0.972117 
0.978657 
0.969846 
0.960058 
0.955666 
0.958513 
0.967562 
0.978959 
0.987065 
0.989917 
0.989797 
0.9895 
0.990876 
0.992127 
0.986754 
0.975531 
0.966415 
0.962365 
0.9619 
0.961283 
0.958902 
0.955267 
0.950273 
0.944942 
0.941994 
0.943632 
0.950263 
0.960845 
0.973496 
0.985115 
0.989928 
0.989477 
0.99174 
0.987453 
0.977935 
0.9761 
0.979919 
0.9809 
0.946803 
0.878073 
0.807354 
0.090638 
0.0570145 
0.029529 
0.0147153 
0.0131284 
0.019321 
0.028896 
0.0402887 
0.0539663 
0.0720191 
0.0982567 
0.138322 
0.198986 
0.285622 
0.398801 
0.532845 
0.675456 
0.806206 
0.901464 
0.951872 
0.968196 
0.967416 
0.962237 
0.959502 
0.961772 
0.968595 
0.977102 
0.983466 
0.985982 
0.986037 
0.986388 
0.989466 
0.994188 
0.98749 
0.970233 
0.957248 
0.951233 
0.950874 
0.953674 
0.957545 
0.960157 
0.958743 
0.954168 
0.950925 
0.952155 
0.957872 
0.966112 
0.974451 
0.980453 
0.981808 
0.980131 
0.97901 
0.974285 
0.967651 
0.967448 
0.975258 
0.98963 
0.956531 
0.876186 
0.802824 
0.0920984 
0.0578681 
0.0296631 
0.0143002 
0.0122596 
0.0176726 
0.0259322 
0.0354352 
0.0466625 
0.061786 
0.0849298 
0.12264 
0.18342 
0.273978 
0.393077 
0.530294 
0.669738 
0.792877 
0.883444 
0.936131 
0.958599 
0.963743 
0.962468 
0.961457 
0.963668 
0.969201 
0.976009 
0.981138 
0.982897 
0.982251 
0.9821 
0.985643 
0.994776 
0.98647 
0.961718 
0.945581 
0.938298 
0.938722 
0.94524 
0.955688 
0.965359 
0.96736 
0.962348 
0.958215 
0.959287 
0.964724 
0.971166 
0.97551 
0.976247 
0.973327 
0.968591 
0.963918 
0.958168 
0.952997 
0.953304 
0.961306 
0.976168 
0.944067 
0.865134 
0.793364 
0.0942719 
0.0584461 
0.0277443 
0.0116951 
0.0107196 
0.0161193 
0.0231334 
0.0304985 
0.0387827 
0.0501163 
0.0687012 
0.10187 
0.160665 
0.255029 
0.382233 
0.525897 
0.666258 
0.785851 
0.873073 
0.925954 
0.951504 
0.960374 
0.961947 
0.962423 
0.964882 
0.969861 
0.97589 
0.980292 
0.980936 
0.978533 
0.976357 
0.97787 
0.985013 
0.974796 
0.948313 
0.930838 
0.923052 
0.924598 
0.934876 
0.952384 
0.970818 
0.976024 
0.968504 
0.962951 
0.964572 
0.970914 
0.976474 
0.977144 
0.972566 
0.964684 
0.955938 
0.947829 
0.940415 
0.934954 
0.934016 
0.938132 
0.940496 
0.909399 
0.844936 
0.779046 
0.0975898 
0.0596004 
0.0242341 
0.00738457 
0.00943147 
0.0152208 
0.0208915 
0.0258896 
0.0308743 
0.0377617 
0.0504799 
0.076655 
0.130553 
0.229055 
0.368254 
0.52259 
0.667651 
0.786373 
0.870568 
0.921696 
0.947697 
0.958242 
0.961512 
0.96306 
0.965879 
0.97081 
0.976827 
0.981109 
0.98033 
0.974986 
0.969213 
0.966189 
0.964934 
0.952471 
0.929967 
0.912846 
0.905071 
0.907651 
0.921168 
0.945642 
0.975763 
0.983929 
0.970575 
0.963696 
0.967247 
0.976374 
0.982384 
0.979554 
0.969246 
0.955821 
0.942612 
0.931062 
0.921465 
0.914458 
0.910902 
0.909465 
0.902156 
0.872059 
0.819261 
0.76091 
0.102654 
0.0629847 
0.0213554 
0.00360898 
0.0101075 
0.0156958 
0.0196377 
0.0220706 
0.0236106 
0.0257706 
0.0318286 
0.0486649 
0.0931296 
0.196376 
0.353661 
0.523253 
0.676239 
0.795592 
0.876008 
0.923213 
0.947319 
0.957752 
0.961651 
0.963793 
0.966916 
0.972075 
0.9787 
0.983729 
0.981293 
0.971639 
0.961005 
0.95222 
0.94348 
0.928429 
0.908274 
0.891882 
0.884119 
0.887159 
0.902601 
0.932086 
0.975981 
0.98681 
0.965031 
0.958634 
0.966192 
0.980799 
0.989115 
0.982633 
0.965813 
0.946391 
0.92862 
0.913697 
0.901634 
0.892383 
0.885595 
0.878911 
0.86563 
0.836508 
0.791629 
0.740458 
0.109945 
0.0703622 
0.0283601 
0.00963097 
0.0145492 
0.018115 
0.0197252 
0.0194812 
0.0177197 
0.0154051 
0.0150048 
0.0215753 
0.0496147 
0.158264 
0.342408 
0.530772 
0.694139 
0.814535 
0.889148 
0.929833 
0.949968 
0.958879 
0.962555 
0.964842 
0.968101 
0.973484 
0.981001 
0.988095 
0.983849 
0.968251 
0.952122 
0.937487 
0.922672 
0.904684 
0.884772 
0.868446 
0.860167 
0.862683 
0.878069 
0.908229 
0.953612 
0.966748 
0.948146 
0.946066 
0.959837 
0.983335 
0.99653 
0.985752 
0.961296 
0.935744 
0.91373 
0.895731 
0.881213 
0.869504 
0.859501 
0.848569 
0.831664 
0.803473 
0.764078 
0.71898 
0.119518 
0.0818366 
0.0453959 
0.0255986 
0.0228714 
0.0225825 
0.0213204 
0.0184603 
0.0138818 
0.00795569 
0.00257914 
0.00195066 
0.00850455 
0.122961 
0.340598 
0.547418 
0.723038 
0.843941 
0.909032 
0.940198 
0.954742 
0.961255 
0.964185 
0.966291 
0.969418 
0.974727 
0.982715 
0.992903 
0.986788 
0.9641 
0.94282 
0.922838 
0.90283 
0.881562 
0.860353 
0.843029 
0.833374 
0.834172 
0.84741 
0.873865 
0.908424 
0.923448 
0.91946 
0.925079 
0.946118 
0.981093 
0.999921 
0.987283 
0.95397 
0.922995 
0.897624 
0.877157 
0.860475 
0.846453 
0.833612 
0.819463 
0.800337 
0.77302 
0.73759 
0.697421 
0.130995 
0.0958432 
0.0635041 
0.0425414 
0.033482 
0.0287058 
0.0243614 
0.0191782 
0.0126116 
0.00452716 
0 
0 
0.00800952 
0.127964 
0.353601 
0.573151 
0.763625 
0.883871 
0.93327 
0.952048 
0.960303 
0.964286 
0.966377 
0.968121 
0.970856 
0.975588 
0.982758 
0.991749 
0.983813 
0.958397 
0.933334 
0.908712 
0.884006 
0.859105 
0.835465 
0.816047 
0.804018 
0.801932 
0.811403 
0.832074 
0.857828 
0.874294 
0.881895 
0.895855 
0.923163 
0.964475 
0.997168 
0.983052 
0.941285 
0.907252 
0.880055 
0.858016 
0.839682 
0.823717 
0.808561 
0.792058 
0.771563 
0.745051 
0.712599 
0.676383 
0.143832 
0.110885 
0.0807488 
0.0584964 
0.0448124 
0.0358503 
0.0285886 
0.0215913 
0.0141317 
0.00589747 
0 
0.00666588 
0.048338 
0.172193 
0.378667 
0.603281 
0.814155 
0.932427 
0.95679 
0.962165 
0.965042 
0.967281 
0.968904 
0.970313 
0.972446 
0.976123 
0.981227 
0.984819 
0.975218 
0.951532 
0.924088 
0.89542 
0.866229 
0.837318 
0.810346 
0.78783 
0.772464 
0.766496 
0.77121 
0.785855 
0.805663 
0.823147 
0.838486 
0.859503 
0.891009 
0.931507 
0.967186 
0.960082 
0.921043 
0.888068 
0.861001 
0.838451 
0.819097 
0.801667 
0.784733 
0.766544 
0.745208 
0.71942 
0.689267 
0.656219 
0.157581 
0.126177 
0.0969378 
0.0732274 
0.055954 
0.0433902 
0.033609 
0.0254259 
0.0182475 
0.0121805 
0.00924216 
0.0295944 
0.0914913 
0.216175 
0.405422 
0.627452 
0.863128 
0.978415 
0.970786 
0.966874 
0.967402 
0.96965 
0.971609 
0.972864 
0.974276 
0.976652 
0.979392 
0.978869 
0.967883 
0.945076 
0.915741 
0.883267 
0.849555 
0.816213 
0.785148 
0.758656 
0.739094 
0.728455 
0.727886 
0.736881 
0.752435 
0.770594 
0.79118 
0.817659 
0.851863 
0.890337 
0.920724 
0.920144 
0.893935 
0.86585 
0.840766 
0.818737 
0.799001 
0.780591 
0.762361 
0.742981 
0.721129 
0.695973 
0.667621 
0.637115 
0.171992 
0.141448 
0.112199 
0.0867987 
0.066457 
0.050805 
0.0389575 
0.0302066 
0.0243005 
0.0221412 
0.0283276 
0.0584923 
0.128384 
0.250283 
0.42453 
0.634112 
0.862502 
0.974351 
0.966024 
0.963376 
0.966333 
0.97107 
0.974462 
0.975799 
0.976435 
0.977546 
0.978404 
0.975513 
0.963576 
0.940534 
0.909011 
0.872556 
0.834053 
0.795811 
0.759984 
0.728764 
0.704273 
0.688341 
0.682186 
0.6859 
0.698077 
0.716711 
0.741184 
0.772084 
0.80855 
0.845782 
0.873305 
0.878298 
0.863316 
0.841806 
0.819968 
0.799273 
0.7797 
0.76073 
0.741591 
0.721366 
0.699187 
0.674556 
0.647617 
0.619148 
0.187006 
0.156714 
0.126757 
0.0993535 
0.0761024 
0.0576779 
0.0441454 
0.0353328 
0.031324 
0.0335856 
0.0473883 
0.0843261 
0.156705 
0.272831 
0.431846 
0.620574 
0.810731 
0.919265 
0.941811 
0.951176 
0.961594 
0.971604 
0.977606 
0.979134 
0.978924 
0.979008 
0.978806 
0.975028 
0.962789 
0.938887 
0.904491 
0.86353 
0.81978 
0.77613 
0.734948 
0.698367 
0.668338 
0.646603 
0.634592 
0.633184 
0.642395 
0.661471 
0.689331 
0.72439 
0.763554 
0.801163 
0.828789 
0.838811 
0.832435 
0.817466 
0.799417 
0.780549 
0.761519 
0.742298 
0.722521 
0.70167 
0.679249 
0.655022 
0.629177 
0.602329 
0.202719 
0.172163 
0.140898 
0.111075 
0.0847862 
0.0636687 
0.0486983 
0.040189 
0.0383471 
0.0446402 
0.0637526 
0.104377 
0.175896 
0.28421 
0.427608 
0.593461 
0.753062 
0.85884 
0.906057 
0.932061 
0.953696 
0.971692 
0.98134 
0.982782 
0.981563 
0.98098 
0.980638 
0.977336 
0.965764 
0.940746 
0.902547 
0.856306 
0.806743 
0.757169 
0.710114 
0.667659 
0.631603 
0.603621 
0.585426 
0.57879 
0.585151 
0.604821 
0.636259 
0.675958 
0.718828 
0.758565 
0.788281 
0.803035 
0.803417 
0.794245 
0.779962 
0.763091 
0.74479 
0.725488 
0.705224 
0.68385 
0.661193 
0.637229 
0.6122 
0.586623 
0.219355 
0.188106 
0.154974 
0.122195 
0.0924736 
0.0684917 
0.0521862 
0.044251 
0.0446536 
0.0542584 
0.0766042 
0.118237 
0.186446 
0.285734 
0.414088 
0.559769 
0.699014 
0.802867 
0.866405 
0.908654 
0.943408 
0.971985 
0.986009 
0.986354 
0.983909 
0.983144 
0.983574 
0.982063 
0.97262 
0.946483 
0.903219 
0.850824 
0.794869 
0.738891 
0.685532 
0.636822 
0.594384 
0.559773 
0.534961 
0.522701 
0.526079 
0.546682 
0.582511 
0.627978 
0.675919 
0.719354 
0.752419 
0.77169 
0.777556 
0.773271 
0.762385 
0.747409 
0.729832 
0.710474 
0.689753 
0.667858 
0.644899 
0.621037 
0.596573 
0.571962 
0.237246 
0.204967 
0.169429 
0.133019 
0.0991934 
0.0719033 
0.0542425 
0.047164 
0.0499078 
0.0621472 
0.0860086 
0.12642 
0.189412 
0.279036 
0.393743 
0.523459 
0.649522 
0.752426 
0.827039 
0.883089 
0.931011 
0.972877 
0.99163 
0.988809 
0.985245 
0.984992 
0.987018 
0.988365 
0.983189 
0.95613 
0.906058 
0.846825 
0.784007 
0.721211 
0.661226 
0.606036 
0.55703 
0.515508 
0.48355 
0.464937 
0.464895 
0.486947 
0.528621 
0.58159 
0.636168 
0.684598 
0.721764 
0.745303 
0.75569 
0.755396 
0.747352 
0.733964 
0.716935 
0.697409 
0.676142 
0.653637 
0.630252 
0.60631 
0.582172 
0.55826 
0.256822 
0.223288 
0.184833 
0.143978 
0.105059 
0.0736926 
0.0545701 
0.0487947 
0.0542 
0.0686345 
0.0926435 
0.129949 
0.1861 
0.265681 
0.368471 
0.486371 
0.604307 
0.707316 
0.789851 
0.856669 
0.915714 
0.972387 
0.995848 
0.988154 
0.984723 
0.985968 
0.990248 
0.994757 
0.995753 
0.96818 
0.909982 
0.843927 
0.773943 
0.703989 
0.637177 
0.575476 
0.519955 
0.471438 
0.43178 
0.405683 
0.401306 
0.425497 
0.475259 
0.538072 
0.600921 
0.655296 
0.696889 
0.724331 
0.738406 
0.741249 
0.735399 
0.72315 
0.706349 
0.686414 
0.664409 
0.64112 
0.617131 
0.592907 
0.568867 
0.545412 
0.278598 
0.243741 
0.20193 
0.155697 
0.11032 
0.0736766 
0.0529385 
0.04928 
0.0580759 
0.074595 
0.0976899 
0.130205 
0.177909 
0.24699 
0.339543 
0.449373 
0.563108 
0.667336 
0.755795 
0.830293 
0.896415 
0.958762 
0.986586 
0.982309 
0.981738 
0.985647 
0.992662 
0.999632 
0.999961 
0.974975 
0.913855 
0.841822 
0.764427 
0.687022 
0.613314 
0.545303 
0.483655 
0.428428 
0.380674 
0.345516 
0.335052 
0.362248 
0.423479 
0.499096 
0.571701 
0.632487 
0.678386 
0.709182 
0.726139 
0.731297 
0.726947 
0.715287 
0.698275 
0.677576 
0.654543 
0.630224 
0.605406 
0.58068 
0.556515 
0.533297 
0.303165 
0.267135 
0.221689 
0.169108 
0.115477 
0.071703 
0.0491813 
0.0491158 
0.06259 
0.0814223 
0.102799 
0.128923 
0.166317 
0.224004 
0.30775 
0.413039 
0.526029 
0.632647 
0.725669 
0.805065 
0.874087 
0.932704 
0.964289 
0.971502 
0.976327 
0.983863 
0.993949 
0.99998 
0.99999 
0.976848 
0.918014 
0.840436 
0.755163 
0.670017 
0.589485 
0.515634 
0.448694 
0.387659 
0.331965 
0.285853 
0.266028 
0.297287 
0.375198 
0.467037 
0.550319 
0.617269 
0.666832 
0.700199 
0.719206 
0.72588 
0.722315 
0.710621 
0.692859 
0.670941 
0.646502 
0.620843 
0.594933 
0.569471 
0.544965 
0.521785 
0.331164 
0.294406 
0.245344 
0.185598 
0.12152 
0.0676896 
0.043225 
0.0493606 
0.0693945 
0.0910083 
0.110096 
0.128278 
0.153 
0.197533 
0.27359 
0.378069 
0.493752 
0.603917 
0.700442 
0.782471 
0.851815 
0.90735 
0.941895 
0.95826 
0.969178 
0.98074 
0.993775 
0.999995 
0.999998 
0.982081 
0.924218 
0.839769 
0.745725 
0.652567 
0.565427 
0.486492 
0.415629 
0.350614 
0.288387 
0.229855 
0.194671 
0.231275 
0.334139 
0.445297 
0.538872 
0.610713 
0.662709 
0.69762 
0.717809 
0.725232 
0.721738 
0.709328 
0.690189 
0.666503 
0.640207 
0.612843 
0.585547 
0.559106 
0.534051 
0.510727 
0.363243 
0.32658 
0.274382 
0.207171 
0.130425 
0.0618103 
0.0352626 
0.0520946 
0.0808272 
0.105667 
0.122171 
0.131093 
0.140136 
0.168266 
0.237432 
0.345728 
0.467776 
0.582375 
0.6813 
0.7641 
0.83242 
0.885994 
0.922556 
0.944993 
0.961246 
0.976652 
0.992398 
0.999999 
0.999999 
0.992529 
0.933865 
0.839316 
0.735442 
0.634138 
0.540754 
0.457733 
0.384873 
0.318869 
0.253721 
0.184081 
0.123601 
0.167118 
0.307523 
0.438364 
0.539519 
0.613697 
0.666289 
0.701513 
0.722023 
0.729489 
0.725371 
0.711522 
0.690292 
0.664202 
0.635527 
0.606054 
0.57706 
0.549394 
0.523593 
0.499967 
0.400001 
0.36469 
0.310437 
0.23647 
0.146081 
0.0553938 
0.0266396 
0.0612954 
0.099848 
0.127917 
0.141995 
0.141112 
0.131068 
0.136996 
0.199772 
0.318541 
0.450716 
0.569786 
0.669524 
0.751308 
0.817591 
0.869382 
0.906925 
0.933103 
0.953377 
0.972049 
0.99043 
1 
1 
1 
0.945886 
0.837465 
0.723372 
0.614109 
0.514951 
0.428972 
0.356487 
0.293656 
0.23208 
0.159867 
0.0677434 
0.12013 
0.307514 
0.451079 
0.553974 
0.626629 
0.677493 
0.71171 
0.731773 
0.738697 
0.733311 
0.717249 
0.693121 
0.663907 
0.632278 
0.600263 
0.569251 
0.540122 
0.513394 
0.489332 
0.441909 
0.40966 
0.355035 
0.276355 
0.175058 
0.0566632 
0.0255861 
0.0835714 
0.129509 
0.160041 
0.172642 
0.163274 
0.131682 
0.105273 
0.161885 
0.301675 
0.44658 
0.568257 
0.666278 
0.745032 
0.808155 
0.857693 
0.895133 
0.923258 
0.946151 
0.967259 
0.987905 
1 
1 
1 
0.951167 
0.831727 
0.708525 
0.591907 
0.487423 
0.399526 
0.329978 
0.275266 
0.226022 
0.168715 
0.091681 
0.155476 
0.346683 
0.48668 
0.582783 
0.649149 
0.695751 
0.727738 
0.74681 
0.75282 
0.745597 
0.72649 
0.698546 
0.665404 
0.630206 
0.595208 
0.561868 
0.531055 
0.503246 
0.478637 
0.489215 
0.462172 
0.409251 
0.328804 
0.223957 
0.102048 
0.0685305 
0.125492 
0.171745 
0.203452 
0.216705 
0.203496 
0.152878 
0.0781132 
0.12852 
0.305386 
0.46057 
0.579756 
0.672327 
0.745715 
0.804373 
0.850854 
0.887115 
0.915719 
0.939888 
0.962437 
0.984641 
1 
1 
1 
0.94727 
0.820247 
0.690301 
0.567211 
0.457593 
0.368406 
0.30418 
0.262622 
0.234576 
0.209806 
0.195207 
0.273874 
0.425626 
0.544616 
0.624657 
0.679881 
0.719907 
0.748774 
0.766697 
0.771749 
0.762231 
0.739141 
0.706321 
0.66837 
0.628978 
0.590577 
0.554625 
0.521938 
0.492918 
0.467684 
0.54184 
0.52258 
0.473427 
0.393704 
0.292268 
0.19089 
0.154824 
0.186479 
0.226112 
0.258081 
0.275357 
0.267101 
0.212354 
0.0807277 
0.124583 
0.346751 
0.49751 
0.605267 
0.687715 
0.753263 
0.806105 
0.848619 
0.88269 
0.910528 
0.934724 
0.957607 
0.980391 
1 
1 
1 
0.931336 
0.802657 
0.668917 
0.540201 
0.425063 
0.334374 
0.277305 
0.253401 
0.253293 
0.269805 
0.312908 
0.411493 
0.532854 
0.620103 
0.676198 
0.716357 
0.748194 
0.773614 
0.790785 
0.795318 
0.783185 
0.754988 
0.716044 
0.672352 
0.628172 
0.586002 
0.547204 
0.512491 
0.482169 
0.456266 
0.599226 
0.590878 
0.547148 
0.468707 
0.372231 
0.285382 
0.246724 
0.258789 
0.289712 
0.322081 
0.347316 
0.355268 
0.325812 
0.220259 
0.256817 
0.440797 
0.558318 
0.643786 
0.711511 
0.767035 
0.812889 
0.850607 
0.881602 
0.907615 
0.930689 
0.952737 
0.974889 
0.996412 
1 
0.988086 
0.904785 
0.780664 
0.645635 
0.511802 
0.389878 
0.296078 
0.247186 
0.244764 
0.276408 
0.334992 
0.427536 
0.553828 
0.65674 
0.705179 
0.732068 
0.755159 
0.778313 
0.800663 
0.818168 
0.82332 
0.808404 
0.773618 
0.727076 
0.676732 
0.627277 
0.581068 
0.539265 
0.502423 
0.470744 
0.444165 
0.66005 
0.666701 
0.629428 
0.550043 
0.455709 
0.375766 
0.334656 
0.334615 
0.358355 
0.392033 
0.428336 
0.46157 
0.48415 
0.493404 
0.521291 
0.577615 
0.636621 
0.691817 
0.741783 
0.785916 
0.82402 
0.856328 
0.883545 
0.906852 
0.927777 
0.947821 
0.967912 
0.98765 
1 
0.971451 
0.878458 
0.757549 
0.622661 
0.483927 
0.352978 
0.252291 
0.211674 
0.2345 
0.299131 
0.395785 
0.530901 
0.696598 
0.788406 
0.788893 
0.785523 
0.792331 
0.807634 
0.827937 
0.847547 
0.855489 
0.837781 
0.794244 
0.738438 
0.680707 
0.625699 
0.575333 
0.53045 
0.491431 
0.458381 
0.431155 
0.721634 
0.749183 
0.718787 
0.632943 
0.536578 
0.458999 
0.415933 
0.408788 
0.427794 
0.463587 
0.511833 
0.572704 
0.651506 
0.772243 
0.789039 
0.72039 
0.719737 
0.743982 
0.775901 
0.808478 
0.838636 
0.865228 
0.888182 
0.908099 
0.926001 
0.942962 
0.959506 
0.97477 
0.984464 
0.947008 
0.853438 
0.736373 
0.602817 
0.459672 
0.317058 
0.202379 
0.169285 
0.222491 
0.319045 
0.445984 
0.612235 
0.825456 
0.91016 
0.856574 
0.829562 
0.82404 
0.833495 
0.853075 
0.876904 
0.891372 
0.871006 
0.815317 
0.748694 
0.683303 
0.622803 
0.568347 
0.520406 
0.479213 
0.444814 
0.417008 
0.778831 
0.835913 
0.812347 
0.710878 
0.609876 
0.53312 
0.489118 
0.478134 
0.49441 
0.532328 
0.590575 
0.673792 
0.79174 
0.942263 
0.94406 
0.832395 
0.794536 
0.794649 
0.811101 
0.833209 
0.85582 
0.876719 
0.895172 
0.911219 
0.92541 
0.938413 
0.95022 
0.958794 
0.955937 
0.915368 
0.83065 
0.719646 
0.589143 
0.443309 
0.288084 
0.147883 
0.120889 
0.212607 
0.336691 
0.482781 
0.660928 
0.876994 
0.956529 
0.894269 
0.858983 
0.847375 
0.853582 
0.873434 
0.902834 
0.929642 
0.906873 
0.833813 
0.755923 
0.683476 
0.617976 
0.559695 
0.508803 
0.465477 
0.429776 
0.401492 
0.82307 
0.915916 
0.898835 
0.774521 
0.671354 
0.596647 
0.553288 
0.540721 
0.555491 
0.594597 
0.658623 
0.753617 
0.889375 
0.999971 
0.983942 
0.901648 
0.853265 
0.839592 
0.84506 
0.858745 
0.874688 
0.890216 
0.904172 
0.916083 
0.926078 
0.934538 
0.94103 
0.9426 
0.930567 
0.889021 
0.812736 
0.709553 
0.584444 
0.439614 
0.276581 
0.101688 
0.0789415 
0.214136 
0.355097 
0.507397 
0.678246 
0.852028 
0.92706 
0.900736 
0.872392 
0.860961 
0.866311 
0.886483 
0.919961 
0.963683 
0.93885 
0.844618 
0.758046 
0.6803 
0.61073 
0.549049 
0.495361 
0.44995 
0.413006 
0.384373 
0.845562 
0.943453 
0.932365 
0.814765 
0.718268 
0.648804 
0.608018 
0.595499 
0.609326 
0.648058 
0.712702 
0.807218 
0.933157 
1 
0.994178 
0.938032 
0.89471 
0.876734 
0.876253 
0.884031 
0.894438 
0.905132 
0.914842 
0.922561 
0.928062 
0.931687 
0.932913 
0.928586 
0.911252 
0.870577 
0.801925 
0.70777 
0.590729 
0.452155 
0.293529 
0.121684 
0.10113 
0.237627 
0.377826 
0.524089 
0.677015 
0.815397 
0.88584 
0.887173 
0.872165 
0.865058 
0.871118 
0.890638 
0.922944 
0.965232 
0.938726 
0.842526 
0.753642 
0.67325 
0.6008 
0.536207 
0.479864 
0.432387 
0.394246 
0.365419 
0.845973 
0.918106 
0.91247 
0.831224 
0.750514 
0.689805 
0.653449 
0.64215 
0.655172 
0.691862 
0.752573 
0.837309 
0.935576 
0.995444 
0.989722 
0.953912 
0.921452 
0.905819 
0.90399 
0.908359 
0.914324 
0.920848 
0.926828 
0.930508 
0.931344 
0.930059 
0.9265 
0.917861 
0.898155 
0.860035 
0.799171 
0.71517 
0.608763 
0.481506 
0.33923 
0.207951 
0.187517 
0.283528 
0.406534 
0.537543 
0.669155 
0.782125 
0.847511 
0.864723 
0.862414 
0.861141 
0.868528 
0.886081 
0.911857 
0.934351 
0.906582 
0.827637 
0.742818 
0.662414 
0.588224 
0.521128 
0.46218 
0.412575 
0.373246 
0.344398 
0.832426 
0.884759 
0.884054 
0.832124 
0.770512 
0.720831 
0.690276 
0.680967 
0.69312 
0.72642 
0.78024 
0.851376 
0.926119 
0.973037 
0.977134 
0.957362 
0.936895 
0.927556 
0.928214 
0.93131 
0.933539 
0.936622 
0.939743 
0.93974 
0.935752 
0.929592 
0.921946 
0.910592 
0.890745 
0.856743 
0.804433 
0.731782 
0.638065 
0.525222 
0.403253 
0.302675 
0.280391 
0.341876 
0.440227 
0.550915 
0.66115 
0.754673 
0.814427 
0.839835 
0.847063 
0.851268 
0.859921 
0.874671 
0.892161 
0.899419 
0.870793 
0.80537 
0.727217 
0.648502 
0.573353 
0.503945 
0.442266 
0.390332 
0.349755 
0.321081 
0.812843 
0.85352 
0.857275 
0.825576 
0.781758 
0.743702 
0.719631 
0.712719 
0.723877 
0.752951 
0.798582 
0.856133 
0.91339 
0.951185 
0.960935 
0.953163 
0.943801 
0.942725 
0.949167 
0.952572 
0.950959 
0.95143 
0.953136 
0.950018 
0.940873 
0.929894 
0.918973 
0.906381 
0.888176 
0.85972 
0.817004 
0.75694 
0.677323 
0.579595 
0.475457 
0.392779 
0.366843 
0.403106 
0.476507 
0.565487 
0.655591 
0.73308 
0.786709 
0.815603 
0.829066 
0.837541 
0.847115 
0.858984 
0.869256 
0.867129 
0.838043 
0.781056 
0.709168 
0.632657 
0.556801 
0.484956 
0.420171 
0.365512 
0.323518 
0.295236 
0.791762 
0.825922 
0.833743 
0.81635 
0.787486 
0.760433 
0.742901 
0.738486 
0.748528 
0.773011 
0.810319 
0.855785 
0.899916 
0.930783 
0.943386 
0.944052 
0.943908 
0.951429 
0.966845 
0.971527 
0.964719 
0.963757 
0.966444 
0.960992 
0.945881 
0.930214 
0.916957 
0.904492 
0.8894 
0.867739 
0.835705 
0.789478 
0.724948 
0.641299 
0.549956 
0.476114 
0.444956 
0.461936 
0.512997 
0.581257 
0.653039 
0.716681 
0.763894 
0.793379 
0.810401 
0.821795 
0.831947 
0.841414 
0.846445 
0.83884 
0.809692 
0.757958 
0.690873 
0.616198 
0.539373 
0.464612 
0.396042 
0.337995 
0.294269 
0.266639 
0.771323 
0.80202 
0.81359 
0.806837 
0.79015 
0.772915 
0.761547 
0.759507 
0.768323 
0.788167 
0.817603 
0.85271 
0.886616 
0.911812 
0.925399 
0.931511 
0.938115 
0.952629 
0.978934 
0.985258 
0.971883 
0.971378 
0.97874 
0.971903 
0.949232 
0.929464 
0.915066 
0.90401 
0.893232 
0.879366 
0.858947 
0.82781 
0.779444 
0.707964 
0.623623 
0.552177 
0.514564 
0.515969 
0.54793 
0.597611 
0.653126 
0.704584 
0.745329 
0.773653 
0.7923 
0.805476 
0.815988 
0.823794 
0.825521 
0.814988 
0.78619 
0.737893 
0.674105 
0.600446 
0.521997 
0.443506 
0.370139 
0.307703 
0.261742 
0.235096 
0.752431 
0.781521 
0.796608 
0.798189 
0.791452 
0.782761 
0.776981 
0.777055 
0.784523 
0.799819 
0.822009 
0.848239 
0.87382 
0.894043 
0.907276 
0.916367 
0.927001 
0.94497 
0.973628 
0.981448 
0.969395 
0.971401 
0.986841 
0.979653 
0.948423 
0.926407 
0.912396 
0.903953 
0.898417 
0.893003 
0.884729 
0.869739 
0.839443 
0.777952 
0.694211 
0.620463 
0.575716 
0.564177 
0.58014 
0.613771 
0.65513 
0.695858 
0.730318 
0.756489 
0.775477 
0.789619 
0.800438 
0.807392 
0.80746 
0.795779 
0.767797 
0.721948 
0.660247 
0.586646 
0.505682 
0.422406 
0.34289 
0.274653 
0.225598 
0.200402 
0.735385 
0.764044 
0.782489 
0.790944 
0.792525 
0.791275 
0.790486 
0.79235 
0.798302 
0.809141 
0.824644 
0.843118 
0.861606 
0.877229 
0.889101 
0.899196 
0.911365 
0.92916 
0.951371 
0.960186 
0.956765 
0.961526 
0.978045 
0.971458 
0.9409 
0.920049 
0.908163 
0.90338 
0.903703 
0.906973 
0.910674 
0.911898 
0.903074 
0.849434 
0.758857 
0.680054 
0.628372 
0.606121 
0.608897 
0.629008 
0.658264 
0.689622 
0.718184 
0.741722 
0.760281 
0.774893 
0.786116 
0.793003 
0.792788 
0.781349 
0.754727 
0.710883 
0.650406 
0.575962 
0.491521 
0.402218 
0.31492 
0.238983 
0.185563 
0.162519 
0.720183 
0.749179 
0.770889 
0.785301 
0.7941 
0.799483 
0.803193 
0.806505 
0.810699 
0.817063 
0.826261 
0.837754 
0.84994 
0.861149 
0.870915 
0.88053 
0.892363 
0.908022 
0.924873 
0.934037 
0.936438 
0.942444 
0.95256 
0.947313 
0.926505 
0.910072 
0.901831 
0.901464 
0.907907 
0.919652 
0.934295 
0.9492 
0.963975 
0.916231 
0.813116 
0.729759 
0.672433 
0.641632 
0.633765 
0.642722 
0.661811 
0.685101 
0.708293 
0.729069 
0.74681 
0.761664 
0.773498 
0.781089 
0.781771 
0.77176 
0.747177 
0.705302 
0.645525 
0.56948 
0.480654 
0.384138 
0.287278 
0.201271 
0.141449 
0.121676 
0.706655 
0.736503 
0.761431 
0.781249 
0.796609 
0.808166 
0.816077 
0.820515 
0.822584 
0.824275 
0.827333 
0.832334 
0.838722 
0.845619 
0.852756 
0.860873 
0.871221 
0.884187 
0.897378 
0.906297 
0.911421 
0.917462 
0.923422 
0.919972 
0.907488 
0.896846 
0.893148 
0.897546 
0.909969 
0.929594 
0.95366 
0.97652 
0.996756 
0.95323 
0.852478 
0.768782 
0.707969 
0.670756 
0.6545 
0.654448 
0.66516 
0.681619 
0.700064 
0.718204 
0.734988 
0.750051 
0.762793 
0.771796 
0.774447 
0.76703 
0.745336 
0.705741 
0.646443 
0.568235 
0.474306 
0.369625 
0.261557 
0.162888 
0.0935991 
0.0789629 
0.694542 
0.725591 
0.753702 
0.778616 
0.800241 
0.817885 
0.829973 
0.835249 
0.834648 
0.831228 
0.828087 
0.826875 
0.827809 
0.830485 
0.83468 
0.840683 
0.848965 
0.859276 
0.869777 
0.87801 
0.884037 
0.889713 
0.893928 
0.892461 
0.886068 
0.881073 
0.882099 
0.891152 
0.908986 
0.935516 
0.967933 
0.993201 
1 
0.960124 
0.876995 
0.797412 
0.735317 
0.693657 
0.671054 
0.663904 
0.667807 
0.678593 
0.69296 
0.708712 
0.724662 
0.740021 
0.75399 
0.765071 
0.770693 
0.767049 
0.749335 
0.712682 
0.653914 
0.573152 
0.473667 
0.360421 
0.240112 
0.126507 
0.0454245 
0.0390877 
0.683594 
0.715976 
0.747214 
0.777054 
0.804929 
0.828977 
0.845589 
0.851454 
0.847358 
0.838101 
0.828523 
0.821256 
0.817014 
0.815603 
0.81673 
0.820318 
0.82632 
0.834183 
0.842514 
0.849805 
0.855832 
0.861141 
0.864921 
0.865401 
0.863551 
0.863422 
0.868805 
0.881996 
0.904263 
0.936116 
0.976255 
1 
0.999139 
0.961422 
0.891256 
0.817056 
0.755165 
0.710701 
0.683492 
0.670921 
0.669464 
0.675643 
0.686609 
0.700328 
0.71552 
0.731326 
0.746835 
0.760596 
0.77014 
0.771557 
0.75921 
0.726556 
0.668593 
0.584958 
0.479742 
0.358395 
0.226314 
0.0957246 
0.0128715 
0.0198581 
0.673456 
0.707222 
0.741448 
0.776049 
0.810313 
0.841488 
0.863508 
0.869759 
0.860891 
0.844746 
0.828395 
0.815226 
0.806105 
0.800819 
0.798918 
0.800025 
0.80375 
0.809401 
0.815877 
0.822121 
0.827756 
0.832792 
0.836733 
0.838985 
0.840589 
0.844401 
0.853454 
0.869984 
0.895417 
0.930299 
0.973031 
0.999931 
0.99681 
0.962662 
0.899484 
0.829339 
0.768268 
0.722269 
0.691934 
0.675388 
0.669836 
0.672391 
0.680601 
0.692647 
0.707304 
0.723711 
0.741017 
0.757942 
0.77225 
0.780029 
0.774815 
0.747728 
0.691032 
0.604067 
0.493083 
0.365133 
0.224692 
0.076461 
0.00192571 
0.0260075 
0.663797 
0.698838 
0.735783 
0.774867 
0.815628 
0.855012 
0.884168 
0.890632 
0.874944 
0.850581 
0.827215 
0.808424 
0.794826 
0.785986 
0.781238 
0.779959 
0.781537 
0.785213 
0.790061 
0.795253 
0.800356 
0.805197 
0.809516 
0.813281 
0.817517 
0.824373 
0.836278 
0.855223 
0.882498 
0.918234 
0.958872 
0.988786 
0.994511 
0.964867 
0.90361 
0.835395 
0.775302 
0.728775 
0.696575 
0.677321 
0.668774 
0.668563 
0.674613 
0.685339 
0.699644 
0.716762 
0.73601 
0.756395 
0.776134 
0.791603 
0.795698 
0.776437 
0.721524 
0.630225 
0.513278 
0.380956 
0.238895 
0.0926933 
0.0244199 
0.0473056 
0.654306 
0.690362 
0.72957 
0.772587 
0.819596 
0.868295 
0.907698 
0.914243 
0.888372 
0.854484 
0.824242 
0.800391 
0.782884 
0.77093 
0.763635 
0.760186 
0.759824 
0.761762 
0.765182 
0.769384 
0.773936 
0.778625 
0.783345 
0.788325 
0.794517 
0.80361 
0.817543 
0.837981 
0.865952 
0.901201 
0.940279 
0.97437 
0.992913 
0.967925 
0.90331 
0.835554 
0.776763 
0.730636 
0.697666 
0.67678 
0.666189 
0.663965 
0.668383 
0.6781 
0.692195 
0.710046 
0.731229 
0.75515 
0.780629 
0.804841 
0.820762 
0.812756 
0.760175 
0.662392 
0.538859 
0.404404 
0.267163 
0.141279 
0.0766231 
0.0801188 
0.644682 
0.681367 
0.722179 
0.768181 
0.820405 
0.878533 
0.933225 
0.939743 
0.898457 
0.854781 
0.818623 
0.790665 
0.770015 
0.755507 
0.746061 
0.740743 
0.738694 
0.73913 
0.741307 
0.744611 
0.748633 
0.753175 
0.75823 
0.764125 
0.77171 
0.782336 
0.797534 
0.818638 
0.846388 
0.880375 
0.918109 
0.955347 
0.98884 
0.968043 
0.896199 
0.829607 
0.773019 
0.728236 
0.69547 
0.673872 
0.662048 
0.658434 
0.661685 
0.670658 
0.684624 
0.703166 
0.726086 
0.753248 
0.784247 
0.817555 
0.847702 
0.856316 
0.806553 
0.698023 
0.566994 
0.432216 
0.302652 
0.192962 
0.130474 
0.11865 
0.634704 
0.671518 
0.713087 
0.760713 
0.816031 
0.880781 
0.954482 
0.960885 
0.900293 
0.849517 
0.809504 
0.778874 
0.756024 
0.739619 
0.728484 
0.721619 
0.718158 
0.717327 
0.71844 
0.720946 
0.724495 
0.728879 
0.734158 
0.740681 
0.749183 
0.760701 
0.776521 
0.7976 
0.824416 
0.856504 
0.89209 
0.928705 
0.963952 
0.946714 
0.879419 
0.817394 
0.764447 
0.722 
0.690301 
0.668782 
0.656405 
0.65198 
0.654406 
0.662818 
0.676663 
0.695692 
0.719961 
0.749722 
0.785319 
0.826771 
0.871933 
0.905268 
0.858698 
0.732123 
0.593734 
0.460433 
0.338949 
0.240335 
0.179463 
0.15781 
0.624212 
0.660594 
0.701964 
0.749586 
0.805015 
0.869886 
0.943607 
0.949839 
0.888832 
0.837389 
0.796489 
0.764754 
0.740739 
0.723137 
0.710801 
0.70276 
0.698171 
0.6963 
0.69652 
0.698336 
0.701421 
0.705627 
0.711021 
0.717926 
0.726957 
0.738962 
0.754847 
0.775329 
0.800648 
0.830242 
0.862499 
0.894556 
0.918491 
0.904177 
0.853481 
0.799611 
0.751668 
0.712457 
0.682546 
0.661743 
0.649363 
0.644541 
0.646446 
0.654425 
0.66809 
0.687346 
0.712407 
0.743796 
0.782352 
0.829231 
0.885675 
0.949731 
0.906588 
0.756424 
0.614759 
0.485524 
0.372095 
0.2817 
0.222466 
0.194729 
