testGrid4 (60x60x1)
1
krigInd__real0
0.0998385 
0.138316 
0.145167 
0.126057 
0.099792 
0.0738278 
0.0482434 
0.0239648 
0.0304078 
0.0711875 
0.118989 
0.157424 
0.189485 
0.232289 
0.282019 
0.337461 
0.398306 
0.464039 
0.53332 
0.603923 
0.673146 
0.737882 
0.792347 
0.825041 
0.831481 
0.809047 
0.782232 
0.761115 
0.746819 
0.739514 
0.738837 
0.743841 
0.752705 
0.76227 
0.768085 
0.76618 
0.756114 
0.740974 
0.724429 
0.708955 
0.695844 
0.685688 
0.678754 
0.675205 
0.675195 
0.679097 
0.687316 
0.700458 
0.71926 
0.744502 
0.776859 
0.816574 
0.846971 
0.876942 
0.897976 
0.889758 
0.843631 
0.792832 
0.741588 
0.691599 
0.193343 
0.168779 
0.142012 
0.113969 
0.0859256 
0.0587859 
0.0323321 
0.00666144 
0.01126 
0.0529677 
0.104417 
0.158084 
0.211902 
0.267094 
0.325872 
0.390313 
0.461468 
0.538617 
0.61899 
0.698506 
0.773545 
0.841995 
0.897507 
0.902434 
0.873409 
0.836036 
0.804563 
0.780954 
0.765599 
0.758397 
0.758935 
0.766339 
0.778823 
0.792818 
0.802259 
0.800885 
0.788173 
0.769392 
0.749688 
0.731844 
0.717016 
0.705593 
0.697681 
0.69333 
0.69266 
0.69594 
0.703615 
0.716443 
0.735279 
0.761134 
0.795032 
0.837842 
0.889951 
0.925956 
0.946859 
0.928954 
0.875008 
0.818966 
0.763253 
0.708944 
0.187694 
0.161525 
0.132798 
0.102717 
0.0732718 
0.0462372 
0.0218187 
0.00176747 
0.00307469 
0.0390044 
0.0933201 
0.148676 
0.2031 
0.258727 
0.318627 
0.385701 
0.461614 
0.545695 
0.634302 
0.721649 
0.802794 
0.876955 
0.94614 
0.950077 
0.902552 
0.858503 
0.823747 
0.798478 
0.782556 
0.775745 
0.777697 
0.787761 
0.804451 
0.824158 
0.838927 
0.838247 
0.821527 
0.798131 
0.774978 
0.7548 
0.738373 
0.725789 
0.716958 
0.711797 
0.710339 
0.71281 
0.719694 
0.731735 
0.750001 
0.775647 
0.809891 
0.853816 
0.908078 
0.960732 
0.979131 
0.960529 
0.901567 
0.84263 
0.783436 
0.725042 
0.182958 
0.155213 
0.124562 
0.0923576 
0.0616518 
0.0358541 
0.0156626 
0.00128933 
0 
0.0298133 
0.0870055 
0.142013 
0.195288 
0.249833 
0.309576 
0.378406 
0.458764 
0.550258 
0.64812 
0.743794 
0.82934 
0.903406 
0.969973 
0.974092 
0.920858 
0.875033 
0.839136 
0.813291 
0.797361 
0.791197 
0.794639 
0.807386 
0.828547 
0.855222 
0.878005 
0.878209 
0.855158 
0.82624 
0.799699 
0.77748 
0.759728 
0.74618 
0.736542 
0.730598 
0.728279 
0.729746 
0.735477 
0.746294 
0.76332 
0.787834 
0.82113 
0.86405 
0.916101 
0.97079 
0.989386 
0.975994 
0.921912 
0.863561 
0.801957 
0.739621 
0.179192 
0.150292 
0.11777 
0.0831653 
0.0508401 
0.0271 
0.0129329 
0.00515039 
0.00419684 
0.0330106 
0.0868446 
0.13864 
0.188742 
0.24043 
0.298348 
0.367549 
0.451798 
0.551245 
0.659952 
0.765227 
0.853618 
0.921245 
0.968494 
0.968729 
0.927896 
0.88531 
0.850525 
0.825209 
0.809806 
0.804466 
0.809309 
0.82443 
0.849697 
0.883816 
0.918706 
0.920002 
0.886934 
0.852394 
0.823172 
0.799542 
0.780907 
0.766679 
0.756401 
0.749739 
0.746509 
0.746783 
0.751011 
0.760059 
0.775148 
0.797654 
0.828782 
0.86902 
0.916591 
0.96333 
0.989612 
0.97826 
0.937075 
0.882257 
0.818863 
0.752407 
0.176845 
0.147037 
0.112895 
0.0755961 
0.040551 
0.0194188 
0.0133493 
0.0137363 
0.0209161 
0.0480388 
0.0925696 
0.138515 
0.183512 
0.230401 
0.28451 
0.352346 
0.439443 
0.547232 
0.669069 
0.786701 
0.877236 
0.934128 
0.96324 
0.958936 
0.927397 
0.890281 
0.858115 
0.834216 
0.819757 
0.81531 
0.821296 
0.838189 
0.866336 
0.90616 
0.956258 
0.958876 
0.913135 
0.875113 
0.844782 
0.82071 
0.801774 
0.787217 
0.776513 
0.769238 
0.765081 
0.763988 
0.766352 
0.773088 
0.785524 
0.805134 
0.833111 
0.869631 
0.912343 
0.95367 
0.979782 
0.978485 
0.95 
0.899848 
0.834287 
0.763045 
0.175968 
0.145797 
0.110643 
0.0707758 
0.0309036 
0.0127019 
0.0173962 
0.0263708 
0.0401637 
0.0659916 
0.102597 
0.141427 
0.179676 
0.219757 
0.267679 
0.331762 
0.419979 
0.535973 
0.673838 
0.809057 
0.902179 
0.944661 
0.957676 
0.948813 
0.922843 
0.891282 
0.862586 
0.840666 
0.827401 
0.82379 
0.830517 
0.848166 
0.877292 
0.918316 
0.969838 
0.974041 
0.929909 
0.893354 
0.864172 
0.840837 
0.822251 
0.807746 
0.796856 
0.789119 
0.784065 
0.781456 
0.781595 
0.785453 
0.794511 
0.810401 
0.8344 
0.866664 
0.904976 
0.943145 
0.971181 
0.979674 
0.963395 
0.91762 
0.848147 
0.770955 
0.176715 
0.14688 
0.111829 
0.0708594 
0.0245382 
0.0094102 
0.0266744 
0.0426143 
0.0606151 
0.0851717 
0.115621 
0.147169 
0.177517 
0.208814 
0.247771 
0.304956 
0.391562 
0.514316 
0.670658 
0.832592 
0.929639 
0.951705 
0.949992 
0.937982 
0.916169 
0.88968 
0.864553 
0.84482 
0.832829 
0.829938 
0.836944 
0.854444 
0.882598 
0.920268 
0.959394 
0.965437 
0.937241 
0.907142 
0.881379 
0.859946 
0.842322 
0.82822 
0.817398 
0.809401 
0.803547 
0.799311 
0.796859 
0.797249 
0.802191 
0.813567 
0.832881 
0.860566 
0.895019 
0.931663 
0.963181 
0.981647 
0.978675 
0.936373 
0.859682 
0.775188 
0.179073 
0.150465 
0.116982 
0.0780309 
0.0342569 
0.0222313 
0.0430286 
0.0624412 
0.0825202 
0.105688 
0.131198 
0.155857 
0.177665 
0.198357 
0.22515 
0.271426 
0.352578 
0.478383 
0.651953 
0.854732 
0.957645 
0.94895 
0.93686 
0.925546 
0.908324 
0.886561 
0.86486 
0.84724 
0.836372 
0.833882 
0.840724 
0.857339 
0.883213 
0.915807 
0.945612 
0.953758 
0.93892 
0.917503 
0.896762 
0.878128 
0.861913 
0.848467 
0.837958 
0.829976 
0.823521 
0.817614 
0.812204 
0.808585 
0.808638 
0.814695 
0.828635 
0.851395 
0.882278 
0.918309 
0.954118 
0.982457 
0.992025 
0.954552 
0.867004 
0.774385 
0.182997 
0.15639 
0.125909 
0.09206 
0.059766 
0.0508152 
0.0660907 
0.0856285 
0.10619 
0.127897 
0.149441 
0.167974 
0.181194 
0.189851 
0.20102 
0.231415 
0.302441 
0.425105 
0.604818 
0.856505 
0.967636 
0.924091 
0.915297 
0.911291 
0.900112 
0.882815 
0.864126 
0.848333 
0.838461 
0.836149 
0.842452 
0.857591 
0.880669 
0.908462 
0.933041 
0.943609 
0.938661 
0.926066 
0.911146 
0.895835 
0.881263 
0.868586 
0.858576 
0.850972 
0.844257 
0.836671 
0.827904 
0.819404 
0.813731 
0.813612 
0.821415 
0.838737 
0.865977 
0.901618 
0.941911 
0.979362 
0.996013 
0.961862 
0.867651 
0.76688 
0.188229 
0.16426 
0.137757 
0.110299 
0.0876802 
0.0817507 
0.0931947 
0.111463 
0.131683 
0.15215 
0.170767 
0.184364 
0.189742 
0.185776 
0.177898 
0.186246 
0.242625 
0.35567 
0.518221 
0.752725 
0.874826 
0.866266 
0.885765 
0.896572 
0.892664 
0.879342 
0.863037 
0.848608 
0.839235 
0.836833 
0.842324 
0.8558 
0.876153 
0.900271 
0.922286 
0.935552 
0.938441 
0.934079 
0.925163 
0.913268 
0.900214 
0.888185 
0.878827 
0.872084 
0.865688 
0.856668 
0.844133 
0.830083 
0.817807 
0.8106 
0.811372 
0.822453 
0.845305 
0.880057 
0.924491 
0.970833 
0.996381 
0.958607 
0.860133 
0.750844 
0.194454 
0.173517 
0.151402 
0.130186 
0.114784 
0.111843 
0.121859 
0.139046 
0.158882 
0.178674 
0.195637 
0.206023 
0.205382 
0.189809 
0.160476 
0.138749 
0.177601 
0.279657 
0.401731 
0.545113 
0.681643 
0.784878 
0.855238 
0.884669 
0.887324 
0.876789 
0.861953 
0.848295 
0.839119 
0.836329 
0.840821 
0.852594 
0.870565 
0.892116 
0.913094 
0.929295 
0.939004 
0.942406 
0.939388 
0.930617 
0.918629 
0.906834 
0.898152 
0.892971 
0.887888 
0.877761 
0.860947 
0.840484 
0.820674 
0.805401 
0.798104 
0.801852 
0.819196 
0.851787 
0.899318 
0.955593 
0.994189 
0.955379 
0.843249 
0.723791 
0.201303 
0.183559 
0.165813 
0.150182 
0.140413 
0.140451 
0.15064 
0.167566 
0.187533 
0.207538 
0.224383 
0.233851 
0.230302 
0.20672 
0.157091 
0.0946345 
0.116053 
0.216748 
0.289294 
0.325526 
0.481593 
0.713592 
0.83654 
0.879692 
0.885461 
0.875741 
0.861263 
0.847734 
0.838375 
0.834978 
0.838357 
0.848493 
0.864445 
0.884226 
0.905014 
0.924246 
0.940336 
0.95145 
0.954176 
0.94789 
0.936118 
0.923749 
0.915571 
0.912879 
0.910733 
0.900141 
0.87833 
0.850512 
0.822254 
0.797909 
0.781377 
0.776413 
0.786575 
0.814908 
0.863173 
0.929209 
0.992134 
0.951546 
0.812442 
0.682623 
0.20841 
0.193839 
0.180217 
0.169468 
0.164368 
0.167397 
0.178791 
0.196392 
0.217294 
0.238613 
0.257092 
0.268384 
0.266248 
0.241466 
0.180827 
0.0721051 
0.0794974 
0.1937 
0.225066 
0.147029 
0.331454 
0.696742 
0.842603 
0.884602 
0.887679 
0.87637 
0.861109 
0.847104 
0.837216 
0.83302 
0.835223 
0.843767 
0.858005 
0.8765 
0.897507 
0.919604 
0.941798 
0.961106 
0.969507 
0.964711 
0.952021 
0.93775 
0.929566 
0.930479 
0.933947 
0.923911 
0.895962 
0.859912 
0.822432 
0.788047 
0.761028 
0.745745 
0.746636 
0.767844 
0.812613 
0.882623 
0.974163 
0.930526 
0.75831 
0.623829 
0.215434 
0.203897 
0.194064 
0.187597 
0.186562 
0.192612 
0.205919 
0.225054 
0.247784 
0.271585 
0.293484 
0.309495 
0.313745 
0.296986 
0.24445 
0.138956 
0.137981 
0.232728 
0.243796 
0.164761 
0.392652 
0.769257 
0.876578 
0.898621 
0.893323 
0.878378 
0.861435 
0.846485 
0.835802 
0.830626 
0.831612 
0.838721 
0.851425 
0.868812 
0.889928 
0.914295 
0.941962 
0.970564 
0.984661 
0.9801 
0.965361 
0.947121 
0.937928 
0.943423 
0.956685 
0.948774 
0.912892 
0.868256 
0.821096 
0.775813 
0.737031 
0.709684 
0.698967 
0.709762 
0.745515 
0.807134 
0.888874 
0.840683 
0.671572 
0.545112 
0.222072 
0.213367 
0.206974 
0.204308 
0.206941 
0.216046 
0.231776 
0.253171 
0.278568 
0.30594 
0.332871 
0.35622 
0.371506 
0.37187 
0.347337 
0.296449 
0.293022 
0.333376 
0.340498 
0.359157 
0.641132 
0.911445 
0.923701 
0.916622 
0.900552 
0.881086 
0.86203 
0.845847 
0.834205 
0.828037 
0.82779 
0.833468 
0.844705 
0.860932 
0.881714 
0.907223 
0.938552 
0.976781 
0.996416 
0.992137 
0.974859 
0.949422 
0.937779 
0.947982 
0.975343 
0.971858 
0.927252 
0.875077 
0.818204 
0.761323 
0.709554 
0.668364 
0.643664 
0.640903 
0.662671 
0.704738 
0.742742 
0.688309 
0.553446 
0.447107 
0.228066 
0.221957 
0.218673 
0.219425 
0.225454 
0.237645 
0.256165 
0.280396 
0.309164 
0.340992 
0.374191 
0.406794 
0.43642 
0.460053 
0.474545 
0.478921 
0.477308 
0.472721 
0.475346 
0.545317 
0.810613 
0.992264 
0.958574 
0.93181 
0.90712 
0.883681 
0.862596 
0.845223 
0.832577 
0.825347 
0.823865 
0.828129 
0.837874 
0.852728 
0.872497 
0.897564 
0.929217 
0.969036 
0.993202 
0.997276 
0.978661 
0.941088 
0.925913 
0.940009 
0.975476 
0.979724 
0.937248 
0.880186 
0.813849 
0.744852 
0.679006 
0.622257 
0.581325 
0.562511 
0.567651 
0.587344 
0.591245 
0.529158 
0.415112 
0.333553 
0.233196 
0.229434 
0.228956 
0.23282 
0.24204 
0.257335 
0.278907 
0.306401 
0.33906 
0.375947 
0.416134 
0.458925 
0.504093 
0.552658 
0.60792 
0.668137 
0.67006 
0.622387 
0.610986 
0.68119 
0.861091 
0.981904 
0.970053 
0.940026 
0.911384 
0.885505 
0.862976 
0.844557 
0.830952 
0.82267 
0.81996 
0.82281 
0.830994 
0.844193 
0.862198 
0.885153 
0.913537 
0.946054 
0.97113 
0.992928 
0.971125 
0.917071 
0.899439 
0.917613 
0.956218 
0.972896 
0.943795 
0.883914 
0.808241 
0.726846 
0.64607 
0.572204 
0.51297 
0.476387 
0.465055 
0.466479 
0.449712 
0.380366 
0.268618 
0.210757 
0.237272 
0.235607 
0.23766 
0.244378 
0.256626 
0.275025 
0.29982 
0.330864 
0.367743 
0.41 
0.457338 
0.51012 
0.569933 
0.64059 
0.729505 
0.846703 
0.851455 
0.756806 
0.727054 
0.774538 
0.885203 
0.963988 
0.966369 
0.941376 
0.91294 
0.886353 
0.86306 
0.843869 
0.829405 
0.820107 
0.816188 
0.817622 
0.824172 
0.835457 
0.851053 
0.870551 
0.893269 
0.916727 
0.936057 
0.955661 
0.929574 
0.872505 
0.856415 
0.881251 
0.929964 
0.965752 
0.950365 
0.886683 
0.801573 
0.707928 
0.611757 
0.519462 
0.439985 
0.384363 
0.358935 
0.349684 
0.324051 
0.252584 
0.130433 
0.0931231 
0.240132 
0.240313 
0.244645 
0.253996 
0.26913 
0.290612 
0.318726 
0.353485 
0.394748 
0.442351 
0.496504 
0.558223 
0.630058 
0.716785 
0.824353 
0.954051 
0.959048 
0.857133 
0.816153 
0.838995 
0.903013 
0.952271 
0.957752 
0.938453 
0.91234 
0.886346 
0.862924 
0.84324 
0.828028 
0.817762 
0.81266 
0.812688 
0.817565 
0.826772 
0.839552 
0.854802 
0.870708 
0.884053 
0.891088 
0.888738 
0.854719 
0.806963 
0.796187 
0.83123 
0.897145 
0.961246 
0.959563 
0.887783 
0.793861 
0.688926 
0.577435 
0.465791 
0.364259 
0.288052 
0.252351 
0.241812 
0.217943 
0.155185 
0.0487659 
0.0286078 
0.241634 
0.24341 
0.249785 
0.261571 
0.279463 
0.303985 
0.335453 
0.374004 
0.419625 
0.472386 
0.532673 
0.601664 
0.681955 
0.777709 
0.889933 
0.988897 
0.990209 
0.919833 
0.878625 
0.883422 
0.917171 
0.945783 
0.949388 
0.933936 
0.910631 
0.885911 
0.862781 
0.842804 
0.82693 
0.815734 
0.80948 
0.808133 
0.811355 
0.818461 
0.828321 
0.839128 
0.848003 
0.850684 
0.842245 
0.817352 
0.770551 
0.724358 
0.719145 
0.767176 
0.853707 
0.954168 
0.967314 
0.884262 
0.785089 
0.670943 
0.544862 
0.413566 
0.28867 
0.189295 
0.148172 
0.146861 
0.132921 
0.089042 
0.0255606 
0.0193877 
0.241648 
0.24477 
0.252965 
0.267005 
0.28753 
0.315031 
0.34985 
0.392158 
0.442059 
0.499654 
0.565238 
0.639642 
0.724654 
0.822848 
0.933383 
0.998638 
0.999319 
0.954543 
0.918992 
0.913229 
0.928051 
0.942599 
0.943004 
0.929701 
0.908878 
0.885592 
0.862918 
0.842733 
0.826228 
0.814121 
0.806744 
0.804077 
0.805728 
0.810862 
0.818008 
0.824732 
0.827164 
0.819718 
0.795699 
0.749412 
0.683984 
0.628549 
0.626147 
0.689301 
0.795596 
0.915497 
0.94528 
0.872866 
0.775901 
0.65544 
0.516096 
0.365801 
0.21766 
0.0938918 
0.0533731 
0.0694666 
0.0685334 
0.0467619 
0.0171935 
0.0220759 
0.24006 
0.244274 
0.254075 
0.270201 
0.29324 
0.323652 
0.361753 
0.407768 
0.46181 
0.523894 
0.593984 
0.672125 
0.758609 
0.853511 
0.952821 
0.99966 
0.99983 
0.971781 
0.94301 
0.93228 
0.93591 
0.941374 
0.938936 
0.926816 
0.907947 
0.885928 
0.863648 
0.843207 
0.826035 
0.813007 
0.804534 
0.800619 
0.800847 
0.804273 
0.809181 
0.812658 
0.809999 
0.794214 
0.756475 
0.689515 
0.598866 
0.52188 
0.5182 
0.600074 
0.7252 
0.847077 
0.895455 
0.855815 
0.76835 
0.644145 
0.493213 
0.326033 
0.156224 
0.0255186 
0 
0.0145909 
0.0236309 
0.021179 
0.014119 
0.0272967 
0.236764 
0.241811 
0.253011 
0.271069 
0.296513 
0.329733 
0.371047 
0.42068 
0.478716 
0.545006 
0.619021 
0.699719 
0.785438 
0.873255 
0.954306 
0.99983 
0.999915 
0.978468 
0.955814 
0.943584 
0.941207 
0.941336 
0.937089 
0.92584 
0.908471 
0.887382 
0.865251 
0.844385 
0.826448 
0.812457 
0.802903 
0.797826 
0.796817 
0.798898 
0.802242 
0.80368 
0.797942 
0.776806 
0.728934 
0.64313 
0.521026 
0.406247 
0.396789 
0.505579 
0.65168 
0.781422 
0.850036 
0.840701 
0.765709 
0.638602 
0.477649 
0.298072 
0.109462 
0 
0 
0 
0 
0.00806492 
0.0148609 
0.0337808 
0.231666 
0.237278 
0.249681 
0.269534 
0.297263 
0.333201 
0.37763 
0.430769 
0.492666 
0.562988 
0.640669 
0.723431 
0.807443 
0.887113 
0.95298 
0.989578 
0.993434 
0.97893 
0.961287 
0.949497 
0.944512 
0.94211 
0.937298 
0.927067 
0.910898 
0.890311 
0.867943 
0.846384 
0.827527 
0.812508 
0.801878 
0.795721 
0.793676 
0.794815 
0.797364 
0.798178 
0.791852 
0.769404 
0.716983 
0.617357 
0.461447 
0.286094 
0.266172 
0.417082 
0.585046 
0.726727 
0.816525 
0.834427 
0.771318 
0.639324 
0.469105 
0.284134 
0.0970785 
0 
0 
0 
0 
0.00441087 
0.0189252 
0.0413916 
0.224682 
0.230583 
0.244008 
0.265526 
0.295446 
0.333997 
0.381421 
0.437933 
0.503567 
0.577859 
0.659287 
0.744374 
0.827006 
0.899251 
0.9531 
0.981792 
0.986126 
0.975914 
0.96214 
0.951775 
0.946371 
0.943526 
0.939422 
0.930676 
0.91555 
0.894958 
0.871843 
0.849251 
0.829291 
0.813164 
0.80145 
0.794282 
0.79138 
0.791955 
0.794452 
0.79606 
0.79179 
0.772776 
0.7235 
0.619972 
0.438578 
0.184039 
0.14866 
0.352376 
0.532854 
0.683634 
0.794549 
0.840735 
0.787409 
0.644622 
0.464465 
0.280708 
0.113717 
0.0108639 
0 
0 
0 
0.00738565 
0.0257384 
0.0500614 
0.215741 
0.221645 
0.235926 
0.259022 
0.291046 
0.332092 
0.38236 
0.44208 
0.511311 
0.589569 
0.675098 
0.76348 
0.84615 
0.912308 
0.955721 
0.976554 
0.979142 
0.971059 
0.960144 
0.951649 
0.947205 
0.945464 
0.943321 
0.936806 
0.922673 
0.901427 
0.876942 
0.852949 
0.831707 
0.814394 
0.801578 
0.793438 
0.78981 
0.79011 
0.793144 
0.796719 
0.796856 
0.786029 
0.749099 
0.656517 
0.471307 
0.197928 
0.141732 
0.328634 
0.498205 
0.648803 
0.778889 
0.860115 
0.814092 
0.648951 
0.457561 
0.279325 
0.130753 
0.0356327 
0 
0 
0 
0.0145807 
0.0345915 
0.0596365 
0.204791 
0.210398 
0.225415 
0.250043 
0.284099 
0.327504 
0.380424 
0.443131 
0.515756 
0.597926 
0.687994 
0.781192 
0.86639 
0.927821 
0.960781 
0.973165 
0.972592 
0.965189 
0.95637 
0.949908 
0.94726 
0.947727 
0.948757 
0.945563 
0.932445 
0.909627 
0.883058 
0.857343 
0.834694 
0.816141 
0.802196 
0.793087 
0.788785 
0.788958 
0.792856 
0.799092 
0.805159 
0.806141 
0.790524 
0.726892 
0.559664 
0.324852 
0.242752 
0.343876 
0.478068 
0.615194 
0.757389 
0.887667 
0.846539 
0.640369 
0.440181 
0.272036 
0.140192 
0.0541131 
0.0139218 
0.00368554 
0.00924783 
0.0241697 
0.0447807 
0.069889 
0.191797 
0.19681 
0.212506 
0.238683 
0.274714 
0.320307 
0.375629 
0.441027 
0.516732 
0.602571 
0.697374 
0.797048 
0.888634 
0.946523 
0.967201 
0.970365 
0.966021 
0.958576 
0.951401 
0.947009 
0.946593 
0.949939 
0.955205 
0.956966 
0.944928 
0.919117 
0.889792 
0.862209 
0.838139 
0.81833 
0.803223 
0.793102 
0.788087 
0.788108 
0.792868 
0.801812 
0.814038 
0.827924 
0.838937 
0.823625 
0.683099 
0.459474 
0.349082 
0.377708 
0.464776 
0.574001 
0.709252 
0.895405 
0.857051 
0.598868 
0.404511 
0.254051 
0.140024 
0.0645884 
0.0262656 
0.0149401 
0.0199679 
0.03486 
0.0557105 
0.0805898 
0.176761 
0.180883 
0.197315 
0.225155 
0.263105 
0.310653 
0.368048 
0.435759 
0.514088 
0.603037 
0.70209 
0.809013 
0.912616 
0.967942 
0.972369 
0.966386 
0.958681 
0.951181 
0.945519 
0.943192 
0.945125 
0.951506 
0.961541 
0.970648 
0.959786 
0.92882 
0.896523 
0.867271 
0.841919 
0.820887 
0.804574 
0.79335 
0.787492 
0.787165 
0.792456 
0.803484 
0.820632 
0.845002 
0.879133 
0.924249 
0.808771 
0.567698 
0.434101 
0.411172 
0.450578 
0.519329 
0.614894 
0.765344 
0.728061 
0.506143 
0.347225 
0.224199 
0.130418 
0.0673042 
0.0340846 
0.0244291 
0.0303541 
0.0458197 
0.0669511 
0.0915475 
0.159729 
0.162681 
0.180101 
0.20985 
0.249633 
0.298788 
0.357824 
0.427388 
0.507762 
0.598923 
0.700743 
0.812923 
0.932848 
0.986395 
0.971619 
0.959256 
0.949803 
0.942859 
0.938859 
0.93859 
0.942739 
0.951732 
0.965765 
0.984034 
0.974462 
0.93677 
0.902538 
0.872286 
0.845946 
0.823755 
0.806174 
0.79371 
0.786798 
0.785788 
0.791013 
0.802973 
0.822655 
0.852103 
0.895235 
0.95487 
0.859224 
0.634067 
0.491836 
0.434524 
0.431427 
0.452928 
0.481067 
0.499159 
0.46172 
0.370469 
0.273177 
0.184835 
0.113032 
0.0633641 
0.0374301 
0.0316533 
0.0398592 
0.0566067 
0.0782532 
0.102641 
0.140808 
0.142355 
0.161361 
0.193436 
0.23485 
0.285061 
0.345175 
0.416084 
0.497874 
0.590144 
0.692449 
0.804371 
0.923409 
0.975797 
0.960111 
0.947578 
0.938904 
0.933539 
0.931542 
0.933339 
0.939411 
0.950148 
0.965804 
0.985618 
0.97747 
0.940931 
0.907369 
0.877151 
0.850202 
0.826912 
0.807966 
0.79408 
0.785848 
0.78373 
0.788149 
0.799643 
0.819046 
0.847443 
0.884299 
0.911067 
0.830013 
0.659125 
0.523403 
0.445328 
0.407671 
0.38399 
0.343226 
0.232504 
0.194157 
0.228796 
0.194366 
0.140857 
0.0905166 
0.0543133 
0.0368735 
0.0366664 
0.0484023 
0.0671044 
0.089539 
0.11383 
0.120208 
0.120205 
0.142009 
0.177004 
0.219549 
0.269914 
0.330376 
0.402134 
0.484791 
0.577133 
0.677669 
0.783786 
0.884634 
0.936336 
0.937893 
0.931329 
0.925999 
0.923326 
0.923752 
0.927644 
0.935311 
0.946867 
0.96172 
0.975442 
0.968868 
0.9414 
0.911152 
0.881996 
0.854768 
0.830373 
0.809911 
0.794386 
0.784539 
0.780871 
0.783734 
0.793424 
0.810089 
0.832943 
0.856603 
0.857759 
0.787106 
0.656813 
0.534304 
0.445397 
0.38232 
0.323337 
0.237109 
0.0801056 
0.0405257 
0.118156 
0.123751 
0.0978938 
0.0659281 
0.0418913 
0.0333231 
0.0400097 
0.0562978 
0.0774612 
0.100878 
0.125146 
0.0983197 
0.0967883 
0.123725 
0.162278 
0.204786 
0.253837 
0.313735 
0.385942 
0.469142 
0.560869 
0.658228 
0.756457 
0.843139 
0.894498 
0.909895 
0.911867 
0.911616 
0.912538 
0.915773 
0.921809 
0.930823 
0.942582 
0.955696 
0.965075 
0.960243 
0.940407 
0.91462 
0.887177 
0.859812 
0.834179 
0.811979 
0.79457 
0.782824 
0.777204 
0.777877 
0.78472 
0.797014 
0.81226 
0.822707 
0.808882 
0.745589 
0.640838 
0.531558 
0.438338 
0.358741 
0.277324 
0.173497 
0.0450893 
0.00430545 
0.0503504 
0.0691571 
0.0605268 
0.0422364 
0.0278725 
0.0279037 
0.0426862 
0.0642015 
0.0880286 
0.11245 
0.136678 
0.0759703 
0.0732203 
0.109641 
0.151859 
0.191847 
0.237268 
0.295531 
0.368024 
0.451792 
0.542707 
0.636536 
0.727516 
0.805209 
0.856443 
0.880908 
0.891115 
0.896609 
0.901657 
0.907979 
0.916221 
0.926463 
0.938217 
0.949818 
0.957115 
0.954204 
0.940083 
0.918755 
0.893197 
0.865553 
0.838371 
0.814128 
0.794583 
0.780695 
0.772819 
0.770857 
0.774219 
0.781407 
0.788857 
0.788581 
0.766216 
0.708207 
0.61966 
0.521416 
0.427889 
0.339256 
0.246436 
0.140847 
0.0373987 
0 
0.0146211 
0.0320723 
0.0315198 
0.0222024 
0.0141896 
0.0220668 
0.0462683 
0.0730365 
0.0992821 
0.124498 
0.148552 
0.0554819 
0.0523158 
0.105568 
0.149352 
0.182072 
0.220413 
0.275959 
0.349012 
0.433809 
0.524177 
0.614854 
0.700098 
0.772089 
0.823289 
0.853713 
0.870813 
0.881905 
0.891238 
0.900796 
0.91131 
0.922777 
0.934588 
0.945248 
0.951877 
0.951062 
0.941614 
0.924447 
0.90059 
0.872192 
0.842935 
0.816276 
0.794365 
0.778169 
0.767863 
0.763048 
0.762698 
0.76476 
0.765243 
0.756968 
0.729706 
0.675644 
0.597892 
0.508506 
0.417077 
0.324946 
0.22799 
0.125483 
0.0353847 
0 
0 
0.0106387 
0.0121523 
0.00864641 
0.00436626 
0.0188933 
0.0529971 
0.0838271 
0.111714 
0.137275 
0.160898 
0.0473159 
0.045339 
0.121129 
0.159059 
0.176488 
0.202995 
0.255112 
0.329722 
0.416467 
0.50684 
0.595018 
0.675938 
0.744119 
0.795252 
0.829669 
0.852205 
0.868332 
0.881822 
0.894651 
0.907505 
0.920263 
0.932285 
0.942475 
0.949181 
0.95059 
0.945443 
0.932354 
0.909831 
0.879822 
0.847742 
0.818266 
0.793828 
0.775269 
0.762509 
0.75484 
0.750884 
0.748261 
0.742993 
0.729009 
0.698995 
0.648074 
0.578012 
0.4959 
0.40802 
0.316121 
0.21912 
0.1197 
0.0345946 
0 
0 
0.00286026 
0.00358275 
0.00481196 
0.0087335 
0.0280925 
0.0650842 
0.0973875 
0.125714 
0.150986 
0.173828 
0.0947158 
0.0967796 
0.167016 
0.185048 
0.175289 
0.183955 
0.233102 
0.311349 
0.401293 
0.492242 
0.578475 
0.656039 
0.72141 
0.77231 
0.809385 
0.836073 
0.856513 
0.873875 
0.889924 
0.905194 
0.919343 
0.931687 
0.94161 
0.948624 
0.952242 
0.951455 
0.942885 
0.921273 
0.888292 
0.852457 
0.819836 
0.792846 
0.772007 
0.756925 
0.746596 
0.739382 
0.732765 
0.723012 
0.705108 
0.673703 
0.625486 
0.561342 
0.485485 
0.402049 
0.312802 
0.2181 
0.120922 
0.0342694 
0 
0 
0.0076457 
0.0102741 
0.0159338 
0.0285911 
0.0503206 
0.0829624 
0.114011 
0.141475 
0.165755 
0.187417 
0.197602 
0.208331 
0.247142 
0.23044 
0.177351 
0.161209 
0.210547 
0.295798 
0.390151 
0.481905 
0.566376 
0.64103 
0.703985 
0.754355 
0.793084 
0.822847 
0.84686 
0.867732 
0.886925 
0.904693 
0.920355 
0.933026 
0.942554 
0.949634 
0.955143 
0.958904 
0.956154 
0.935042 
0.896963 
0.856459 
0.820615 
0.791255 
0.768387 
0.75126 
0.738619 
0.728654 
0.71884 
0.705777 
0.685335 
0.653476 
0.607768 
0.548542 
0.478329 
0.39991 
0.31493 
0.224307 
0.130083 
0.0377589 
0 
0.0114699 
0.0238689 
0.0310733 
0.0401916 
0.0552861 
0.0770428 
0.105244 
0.133442 
0.158975 
0.181611 
0.201692 
0.312032 
0.338148 
0.358896 
0.298599 
0.180084 
0.131784 
0.189826 
0.286147 
0.385257 
0.477301 
0.559639 
0.631315 
0.691808 
0.741224 
0.780775 
0.812702 
0.839591 
0.863582 
0.885833 
0.906249 
0.923572 
0.936448 
0.945096 
0.951522 
0.958073 
0.966085 
0.971622 
0.950652 
0.904305 
0.858813 
0.820155 
0.788884 
0.764402 
0.74564 
0.731148 
0.71903 
0.706833 
0.691502 
0.669606 
0.637987 
0.594744 
0.539882 
0.47495 
0.40192 
0.322339 
0.237485 
0.149294 
0.0618872 
0.0247776 
0.0374141 
0.0497515 
0.0594786 
0.0704825 
0.0858111 
0.106096 
0.130407 
0.155147 
0.178036 
0.198492 
0.216634 
0.425277 
0.474861 
0.500807 
0.396303 
0.180746 
0.093906 
0.177629 
0.286873 
0.389003 
0.479728 
0.558945 
0.62712 
0.684774 
0.732711 
0.772337 
0.805635 
0.834751 
0.861461 
0.88668 
0.90997 
0.92924 
0.942063 
0.948959 
0.95355 
0.959631 
0.970018 
0.985656 
0.964537 
0.907544 
0.858438 
0.818035 
0.78559 
0.760059 
0.740168 
0.724363 
0.710732 
0.69694 
0.680251 
0.657767 
0.626934 
0.586198 
0.535387 
0.475504 
0.408074 
0.334648 
0.256966 
0.178014 
0.106502 
0.0718549 
0.0738516 
0.0831778 
0.0930072 
0.1043 
0.11876 
0.13679 
0.157462 
0.178573 
0.1984 
0.216284 
0.232188 
0.530574 
0.609423 
0.671866 
0.534476 
0.189342 
0.0622054 
0.187465 
0.303061 
0.40345 
0.490123 
0.564687 
0.628487 
0.682694 
0.728546 
0.767556 
0.801516 
0.832245 
0.861252 
0.889311 
0.915787 
0.937542 
0.949983 
0.953792 
0.955043 
0.958677 
0.96757 
0.982419 
0.960934 
0.903778 
0.85456 
0.814007 
0.781312 
0.755389 
0.734936 
0.718394 
0.703898 
0.689253 
0.671996 
0.649637 
0.620039 
0.581886 
0.534938 
0.479916 
0.418138 
0.351248 
0.281469 
0.212788 
0.154413 
0.122425 
0.116814 
0.121934 
0.130231 
0.140549 
0.153355 
0.168704 
0.18582 
0.203264 
0.219803 
0.234842 
0.248273 
0.62118 
0.725182 
0.851575 
0.705632 
0.282647 
0.124983 
0.233625 
0.337986 
0.429611 
0.508836 
0.576916 
0.635262 
0.68528 
0.7284 
0.766144 
0.800117 
0.831874 
0.862697 
0.893336 
0.923299 
0.948578 
0.960256 
0.959074 
0.95544 
0.954809 
0.958494 
0.961776 
0.939785 
0.892994 
0.847196 
0.808105 
0.7761 
0.75046 
0.730029 
0.713334 
0.698606 
0.683794 
0.666671 
0.645035 
0.617044 
0.581556 
0.538326 
0.487968 
0.43173 
0.371389 
0.309509 
0.250389 
0.201655 
0.172401 
0.162716 
0.164014 
0.17002 
0.178541 
0.189139 
0.201545 
0.215113 
0.228884 
0.242006 
0.254015 
0.264789 
0.692018 
0.803335 
0.936036 
0.805496 
0.440555 
0.276254 
0.313722 
0.39055 
0.466922 
0.535508 
0.595308 
0.647085 
0.692131 
0.731872 
0.767747 
0.801154 
0.833367 
0.865444 
0.898131 
0.931497 
0.962082 
0.972608 
0.963804 
0.954295 
0.948403 
0.945454 
0.939323 
0.916756 
0.878081 
0.837154 
0.800647 
0.770119 
0.745379 
0.725528 
0.709243 
0.694887 
0.68055 
0.66418 
0.643785 
0.617717 
0.584958 
0.54531 
0.499366 
0.448403 
0.394315 
0.33981 
0.288954 
0.247552 
0.221035 
0.209487 
0.207896 
0.211484 
0.217785 
0.225825 
0.235109 
0.245106 
0.255187 
0.264807 
0.273651 
0.281633 
0.742558 
0.842405 
0.919998 
0.815451 
0.565811 
0.418923 
0.409461 
0.455532 
0.513354 
0.569128 
0.6192 
0.663401 
0.702733 
0.738494 
0.771964 
0.804294 
0.836436 
0.869128 
0.902963 
0.93852 
0.975687 
0.984691 
0.966238 
0.951259 
0.9402 
0.93105 
0.918511 
0.895355 
0.861822 
0.825558 
0.792124 
0.763608 
0.740276 
0.721505 
0.706164 
0.692746 
0.679473 
0.664422 
0.645722 
0.621851 
0.591871 
0.555634 
0.513792 
0.467704 
0.419357 
0.371445 
0.327563 
0.29202 
0.268209 
0.256129 
0.25259 
0.253983 
0.257928 
0.263221 
0.269261 
0.275639 
0.281995 
0.288038 
0.293615 
0.298699 
0.776935 
0.858847 
0.899497 
0.820797 
0.654929 
0.535769 
0.505118 
0.526558 
0.566123 
0.608254 
0.647663 
0.683489 
0.716468 
0.74773 
0.778347 
0.809181 
0.840802 
0.873482 
0.907314 
0.942441 
0.978501 
0.985651 
0.964608 
0.946262 
0.930944 
0.916741 
0.899801 
0.87608 
0.845802 
0.813398 
0.783052 
0.756834 
0.735286 
0.718029 
0.704107 
0.692155 
0.680498 
0.667287 
0.650717 
0.629281 
0.602088 
0.569054 
0.530934 
0.489213 
0.445964 
0.40379 
0.36578 
0.335125 
0.313988 
0.302225 
0.297544 
0.297111 
0.298754 
0.30122 
0.30392 
0.306607 
0.309167 
0.311556 
0.31378 
0.315879 
0.801061 
0.868186 
0.89182 
0.834727 
0.722328 
0.630215 
0.593571 
0.598652 
0.622525 
0.651309 
0.679617 
0.706503 
0.732629 
0.758981 
0.786407 
0.815446 
0.846231 
0.878416 
0.911221 
0.943381 
0.970679 
0.975677 
0.95918 
0.93973 
0.921297 
0.903217 
0.883149 
0.858886 
0.830707 
0.801381 
0.773874 
0.750042 
0.730532 
0.715135 
0.703057 
0.693054 
0.683538 
0.672685 
0.658646 
0.63987 
0.615445 
0.585353 
0.550502 
0.512556 
0.473695 
0.436425 
0.403389 
0.376961 
0.3585 
0.347636 
0.342496 
0.340669 
0.340161 
0.339779 
0.339048 
0.337931 
0.336595 
0.335238 
0.334021 
0.333065 
0.819891 
0.878387 
0.896305 
0.855852 
0.777753 
0.708092 
0.673154 
0.668931 
0.680452 
0.696806 
0.713915 
0.731503 
0.75043 
0.771595 
0.795613 
0.822697 
0.852515 
0.884008 
0.915281 
0.943503 
0.963411 
0.965972 
0.952212 
0.932538 
0.911849 
0.890811 
0.86841 
0.843621 
0.816822 
0.789867 
0.764908 
0.743448 
0.726104 
0.71283 
0.702964 
0.695367 
0.688501 
0.680502 
0.669412 
0.653518 
0.631814 
0.604344 
0.572229 
0.537396 
0.502185 
0.469042 
0.440265 
0.417614 
0.401861 
0.392388 
0.387391 
0.384613 
0.382153 
0.378918 
0.374628 
0.369556 
0.364182 
0.35896 
0.354218 
0.350147 
0.836384 
0.892392 
0.910369 
0.881739 
0.825968 
0.773973 
0.744367 
0.736163 
0.738533 
0.743448 
0.749384 
0.757482 
0.769026 
0.784868 
0.805394 
0.830507 
0.859441 
0.890409 
0.9203 
0.944897 
0.959314 
0.959147 
0.945811 
0.925654 
0.903104 
0.87969 
0.855422 
0.83009 
0.804191 
0.779071 
0.756307 
0.737101 
0.722042 
0.711116 
0.703761 
0.698981 
0.695242 
0.690626 
0.682938 
0.67017 
0.651114 
0.625869 
0.595868 
0.563417 
0.531111 
0.501386 
0.476277 
0.45711 
0.444183 
0.436563 
0.432292 
0.429023 
0.424824 
0.418697 
0.410673 
0.401426 
0.391822 
0.382597 
0.374241 
0.367008 
0.851453 
0.910702 
0.931567 
0.909861 
0.868697 
0.830615 
0.808133 
0.800027 
0.795946 
0.790078 
0.784806 
0.783365 
0.787519 
0.798058 
0.815139 
0.838391 
0.866714 
0.897703 
0.92697 
0.948789 
0.958814 
0.955598 
0.941138 
0.919837 
0.895439 
0.869919 
0.844018 
0.818088 
0.792743 
0.769041 
0.748171 
0.73108 
0.718291 
0.709851 
0.705299 
0.703716 
0.703621 
0.702926 
0.699155 
0.689808 
0.673303 
0.64979 
0.621171 
0.5903 
0.560129 
0.533177 
0.511286 
0.495435 
0.485525 
0.480259 
0.477331 
0.474072 
0.468327 
0.459221 
0.447194 
0.43347 
0.419392 
0.406004 
0.393949 
0.383514 
0.863989 
0.93225 
0.95731 
0.937048 
0.905864 
0.879216 
0.864868 
0.860548 
0.852236 
0.835379 
0.818863 
0.808036 
0.804979 
0.810404 
0.8242 
0.845788 
0.87389 
0.905756 
0.935724 
0.955757 
0.961803 
0.9552 
0.938647 
0.915531 
0.889072 
0.861484 
0.834008 
0.807398 
0.782349 
0.759735 
0.740486 
0.725372 
0.71482 
0.708924 
0.707354 
0.709295 
0.713318 
0.717221 
0.718022 
0.712448 
0.698386 
0.675991 
0.647858 
0.617676 
0.588884 
0.56412 
0.545088 
0.532486 
0.525874 
0.523554 
0.52268 
0.51998 
0.512891 
0.500614 
0.484183 
0.465581 
0.44673 
0.429008 
0.413184 
0.39954 
0.870836 
0.952083 
0.981818 
0.958916 
0.93648 
0.919859 
0.913872 
0.917339 
0.906725 
0.87758 
0.850015 
0.830248 
0.820492 
0.821173 
0.831917 
0.852045 
0.880287 
0.914019 
0.946658 
0.965939 
0.967774 
0.957547 
0.938367 
0.912892 
0.884054 
0.85429 
0.825189 
0.797772 
0.772807 
0.751036 
0.733201 
0.719872 
0.711486 
0.708166 
0.709702 
0.715409 
0.724014 
0.733179 
0.739351 
0.73818 
0.726423 
0.70432 
0.675604 
0.645114 
0.616951 
0.593858 
0.577408 
0.568066 
0.565125 
0.566432 
0.56848 
0.567037 
0.558784 
0.54299 
0.521581 
0.497577 
0.473628 
0.451397 
0.431738 
0.414908 
0.868418 
0.950792 
0.985175 
0.971029 
0.959546 
0.952086 
0.952942 
0.967147 
0.956165 
0.913919 
0.87657 
0.848843 
0.833124 
0.829617 
0.837698 
0.856527 
0.885009 
0.921258 
0.959306 
0.9789 
0.975608 
0.962014 
0.9401 
0.911861 
0.880291 
0.848126 
0.81729 
0.788962 
0.763938 
0.742804 
0.726152 
0.714472 
0.708134 
0.707339 
0.712015 
0.721707 
0.735288 
0.750445 
0.763017 
0.767039 
0.757442 
0.734507 
0.703866 
0.67206 
0.64382 
0.621957 
0.607894 
0.601892 
0.603011 
0.608787 
0.614852 
0.615566 
0.606318 
0.586449 
0.55924 
0.529197 
0.499764 
0.472899 
0.449422 
0.42948 
0.856432 
0.927553 
0.966144 
0.972307 
0.974884 
0.975564 
0.979192 
0.995617 
0.986667 
0.941621 
0.896953 
0.862608 
0.842024 
0.835075 
0.840863 
0.858462 
0.886963 
0.925325 
0.971 
0.992008 
0.983344 
0.96787 
0.943522 
0.912206 
0.877526 
0.842739 
0.810061 
0.780731 
0.755488 
0.734838 
0.719218 
0.709027 
0.704614 
0.706232 
0.71397 
0.727651 
0.746468 
0.768333 
0.788618 
0.799137 
0.791545 
0.766156 
0.731949 
0.697756 
0.668842 
0.647882 
0.636036 
0.633454 
0.639122 
0.650312 
0.661794 
0.665923 
0.655846 
0.630939 
0.596809 
0.559982 
0.524768 
0.493221 
0.466012 
0.443095 
0.838018 
0.900189 
0.942096 
0.96473 
0.983044 
0.990366 
0.991428 
0.999958 
0.997688 
0.960108 
0.909683 
0.870533 
0.846541 
0.837074 
0.841016 
0.857381 
0.88532 
0.923874 
0.970777 
0.994291 
0.988849 
0.97458 
0.94828 
0.913554 
0.875356 
0.837704 
0.803072 
0.77271 
0.747207 
0.726948 
0.712231 
0.70337 
0.700695 
0.70453 
0.715145 
0.732651 
0.756706 
0.785804 
0.815364 
0.834515 
0.828763 
0.798451 
0.758769 
0.721306 
0.691336 
0.671058 
0.661336 
0.662244 
0.672804 
0.69037 
0.709033 
0.718385 
0.707625 
0.676157 
0.63359 
0.589235 
0.548049 
0.511908 
0.481156 
0.455473 
0.816217 
0.87232 
0.91617 
0.949532 
0.983084 
0.99526 
0.990042 
0.995342 
0.999979 
0.969065 
0.913181 
0.871912 
0.846319 
0.835386 
0.837968 
0.853073 
0.879743 
0.916443 
0.957938 
0.98482 
0.991645 
0.981956 
0.953889 
0.915388 
0.87325 
0.832572 
0.796007 
0.764654 
0.738879 
0.71895 
0.705029 
0.697335 
0.696188 
0.701968 
0.715111 
0.736036 
0.764965 
0.801313 
0.841626 
0.872975 
0.868889 
0.829735 
0.782759 
0.741611 
0.710546 
0.690933 
0.68325 
0.687524 
0.703117 
0.727872 
0.755809 
0.773234 
0.761943 
0.721346 
0.668529 
0.616101 
0.569034 
0.528599 
0.494638 
0.466494 
0.792775 
0.844254 
0.888351 
0.926641 
0.965493 
0.980776 
0.975512 
0.978578 
0.984525 
0.958412 
0.906129 
0.866492 
0.841249 
0.829914 
0.831631 
0.845505 
0.87046 
0.904421 
0.94205 
0.972533 
0.992071 
0.989435 
0.959706 
0.916909 
0.870395 
0.826673 
0.788338 
0.75616 
0.730284 
0.710714 
0.697504 
0.690798 
0.69093 
0.698311 
0.713499 
0.737177 
0.770089 
0.812753 
0.864113 
0.913296 
0.910706 
0.856727 
0.80173 
0.757418 
0.725686 
0.706891 
0.701154 
0.708572 
0.728959 
0.761125 
0.800354 
0.830428 
0.818731 
0.764715 
0.699906 
0.639446 
0.587033 
0.542876 
0.5062 
0.475994 
0.768571 
0.815974 
0.858691 
0.897193 
0.931735 
0.948634 
0.949916 
0.951999 
0.951836 
0.929815 
0.889574 
0.854825 
0.831554 
0.820753 
0.822071 
0.83482 
0.857922 
0.889297 
0.924643 
0.957963 
0.986218 
0.992889 
0.965041 
0.917049 
0.865863 
0.819406 
0.77969 
0.746988 
0.721137 
0.701969 
0.689424 
0.683603 
0.684748 
0.693342 
0.709989 
0.735529 
0.771023 
0.817799 
0.87724 
0.948377 
0.947096 
0.873793 
0.813387 
0.767685 
0.736185 
0.718507 
0.714619 
0.724697 
0.749062 
0.787763 
0.838894 
0.888653 
0.876692 
0.802484 
0.725332 
0.658003 
0.601368 
0.554362 
0.51562 
0.483838 
0.744095 
0.787591 
0.827755 
0.863964 
0.89418 
0.911556 
0.917227 
0.919017 
0.915293 
0.896947 
0.866711 
0.838097 
0.817981 
0.808422 
0.809722 
0.821486 
0.842761 
0.871743 
0.905383 
0.940188 
0.973134 
0.992209 
0.96947 
0.913972 
0.85845 
0.810098 
0.769674 
0.736883 
0.711312 
0.692644 
0.680738 
0.675639 
0.677571 
0.686957 
0.704397 
0.730769 
0.767135 
0.814823 
0.875236 
0.947421 
0.947267 
0.875177 
0.816065 
0.771725 
0.741666 
0.725533 
0.723314 
0.735358 
0.76231 
0.805145 
0.864861 
0.939567 
0.927469 
0.828067 
0.74215 
0.670626 
0.611489 
0.562768 
0.522739 
0.489931 
0.719709 
0.759385 
0.796374 
0.829451 
0.856325 
0.873402 
0.881149 
0.88306 
0.878387 
0.863445 
0.840564 
0.817875 
0.801273 
0.793324 
0.794883 
0.805806 
0.825354 
0.852093 
0.883917 
0.918682 
0.954622 
0.988257 
0.96983 
0.904664 
0.846919 
0.798191 
0.757992 
0.725678 
0.700688 
0.682652 
0.671383 
0.666878 
0.669326 
0.679091 
0.696713 
0.722888 
0.758377 
0.803781 
0.858066 
0.910387 
0.911186 
0.860852 
0.809742 
0.769538 
0.742126 
0.727897 
0.72713 
0.740261 
0.768033 
0.811428 
0.87149 
0.946343 
0.934229 
0.834676 
0.7485 
0.676639 
0.61711 
0.567962 
0.527492 
0.494241 
